,0,1,2,3,4,5,6,7,8
0,S.N.,Date,Open,High,Low,Ltp,% Change,Qty,Turnover
1,1,2021-07-01,281.00,291.00,281.00,285.00,0.35,"212,930.00","60,874,385.00"
2,2,2021-06-30,286.00,286.00,278.00,284.00,-0.70,"151,509.00","42,550,015.00"
3,3,2021-06-29,294.00,298.00,285.00,286.00,-2.72,"140,935.00","40,595,124.00"
4,4,2021-06-28,300.00,305.00,291.00,294.00,-0.68,"313,602.00","93,588,427.00"
5,5,2021-06-27,280.00,304.00,278.00,296.00,6.09,"706,852.00","208,169,047.00"
6,6,2021-06-24,280.00,284.00,275.00,279.00,-0.71,"155,148.00","43,169,799.00"
7,7,2021-06-23,286.00,289.00,280.00,281.00,-1.75,"118,276.00","33,502,316.00"
8,8,2021-06-22,278.00,289.00,273.00,286.00,3.25,"257,560.00","72,685,793.00"
9,9,2021-06-21,299.00,299.00,277.00,277.00,-2.81,"315,477.00","88,430,963.00"
10,10,2021-06-20,293.00,295.00,283.00,285.00,-2.06,"374,910.00","108,388,907.00"
11,11,2021-06-17,305.00,305.00,287.00,291.00,-1.36,"200,897.00","58,614,601.00"
12,12,2021-06-16,298.00,305.00,291.00,295.00,-1.01,"291,286.00","86,355,870.00"
13,13,2021-06-15,310.00,310.00,297.00,298.00,-1.65,"523,773.00","157,343,982.00"
14,14,2021-06-14,290.00,309.00,290.00,303.00,3.41,"632,447.00","190,698,268.00"
15,15,2021-06-13,290.00,298.00,288.00,293.00,1.38,"348,525.00","101,059,709.00"
16,16,2021-06-10,294.00,295.00,286.00,289.00,-0.34,"229,938.00","66,503,747.00"
17,17,2021-06-09,305.00,305.00,289.00,290.00,-2.36,"369,535.00","108,626,418.00"
18,18,2021-06-08,294.00,304.00,290.00,297.00,1.37,"476,943.00","141,587,151.00"
19,19,2021-06-07,305.00,308.00,290.00,293.00,-2.66,"671,236.00","198,331,678.00"
20,20,2021-06-06,290.00,310.00,290.00,301.00,5.61,"1,026,479.00","308,292,308.00"
21,21,2021-06-03,280.00,290.00,271.00,285.00,5.56,"958,722.00","268,996,913.00"
22,22,2021-06-02,270.00,275.00,265.00,270.00,0.75,"262,188.00","70,477,846.00"
23,23,2021-06-01,275.00,275.00,266.00,268.00,-0.74,"162,907.00","43,808,409.00"
24,24,2021-05-31,277.00,281.00,269.00,270.00,-1.82,"695,556.00","191,621,395.00"
25,25,2021-05-30,270.00,280.00,266.00,275.00,2.61,"482,181.00","131,592,054.00"
26,26,2021-05-27,262.00,276.00,260.00,268.00,0.37,"289,383.00","76,977,521.00"
27,27,2021-05-25,272.00,275.00,264.00,267.00,-2.20,"388,301.00","104,250,203.00"
28,28,2021-05-24,275.00,284.00,269.00,273.00,0.37,"871,981.00","241,456,113.00"
29,29,2021-05-23,265.00,272.00,255.00,272.00,1.87,"678,308.00","181,050,034.00"
30,30,2021-05-20,252.00,269.00,252.00,267.00,5.95,"865,230.00","226,971,095.00"
31,31,2021-05-19,246.00,260.00,246.00,252.00,2.86,"721,843.00","183,324,673.00"
32,32,2021-05-18,246.00,246.00,240.00,245.00,1.24,"288,064.00","69,881,271.00"
33,33,2021-05-17,242.00,245.00,241.00,242.00,0.41,"259,568.00","62,970,558.00"
34,34,2021-05-16,241.00,243.00,238.00,241.00,0.84,"221,311.00","53,037,734.00"
35,35,2021-05-13,245.00,245.00,238.00,239.00,-0.83,"150,661.00","36,155,531.00"
36,36,2021-05-12,228.00,243.00,228.00,241.00,0.84,"333,669.00","80,455,175.00"
37,37,2021-05-11,236.00,241.00,235.00,239.00,1.27,"260,794.00","62,355,588.00"
38,38,2021-05-10,234.00,239.00,233.00,236.00,0.43,"88,362.00","20,829,415.00"
39,39,2021-05-09,235.00,241.00,233.00,235.00,-0.84,"160,902.00","38,321,085.00"
40,40,2021-05-06,242.00,242.00,234.00,237.00,-0.42,"134,025.00","31,767,911.00"
41,41,2021-05-05,247.00,247.00,232.00,238.00,0.85,"263,430.00","63,089,860.00"
42,42,2021-05-04,241.00,241.00,227.00,236.00,2.61,"175,033.00","40,878,626.00"
43,43,2021-05-03,225.00,234.00,225.00,230.00,0.00,"147,599.00","34,011,050.00"
44,44,2021-05-02,230.00,232.00,229.00,230.00,0.44,"84,248.00","19,395,788.00"
45,45,2021-04-29,218.00,234.00,218.00,229.00,0.00,"65,551.00","15,078,591.00"
46,46,2021-04-28,244.00,244.00,227.00,229.00,-1.72,"134,703.00","30,977,393.00"
47,47,2021-04-27,225.00,236.00,222.00,233.00,3.56,"106,759.00","24,556,568.00"
48,48,2021-04-26,231.00,231.00,225.00,225.00,-2.60,"176,576.00","40,184,617.00"
49,49,2021-04-25,250.00,250.00,230.00,231.00,-3.35,"181,770.00","42,250,664.00"
50,50,2021-04-22,248.00,248.00,233.00,239.00,0.84,"162,196.00","38,447,379.00"
51,51,2021-04-21,228.00,244.00,228.00,237.00,-1.25,"177,161.00","42,224,095.00"
52,52,2021-04-20,248.00,248.00,234.00,240.00,1.27,"347,996.00","84,145,772.00"
53,53,2021-04-19,228.00,243.00,228.00,237.00,-0.84,"169,140.00","40,270,488.00"
54,54,2021-04-18,245.00,250.00,238.00,239.00,-1.65,"343,822.00","83,012,059.00"
55,55,2021-04-15,227.00,247.00,227.00,243.00,2.10,"388,785.00","93,967,320.00"
56,56,2021-04-13,235.00,239.00,234.00,238.00,1.28,"215,626.00","50,976,026.00"
57,57,2021-04-12,236.00,239.00,232.00,235.00,-0.42,"140,398.00","33,033,958.00"
58,58,2021-04-08,226.00,241.00,226.00,236.00,-0.42,"99,773.00","23,533,291.00"
59,59,2021-04-07,233.00,244.00,231.00,237.00,2.16,"392,091.00","92,966,271.00"
60,60,2021-04-06,221.00,233.00,221.00,232.00,0.00,"185,991.00","42,637,295.00"
61,61,2021-04-05,230.00,234.00,229.00,232.00,0.43,"121,845.00","28,138,785.00"
62,62,2021-04-04,235.00,236.00,229.00,231.00,-0.43,"240,295.00","55,723,754.00"
63,63,2021-04-01,241.00,241.00,228.00,232.00,0.87,"258,959.00","60,116,313.00"
64,64,2021-03-31,227.00,231.00,227.00,230.00,1.32,"127,994.00","29,354,670.00"
65,65,2021-03-30,226.00,229.00,225.00,227.00,0.44,"70,657.00","16,050,700.00"
66,66,2021-03-29,231.00,231.00,225.00,226.00,-2.16,"76,423.00","17,383,920.00"
67,67,2021-03-25,235.00,235.00,227.00,231.00,0.00,"183,444.00","42,112,250.00"
68,68,2021-03-24,241.00,241.00,228.00,231.00,0.43,"112,631.00","25,974,461.00"
69,69,2021-03-23,241.00,241.00,225.00,230.00,0.00,"63,484.00","14,546,521.00"
70,70,2021-03-22,245.00,245.00,229.00,230.00,-1.71,"105,055.00","24,375,260.00"
71,71,2021-03-21,235.00,237.00,225.00,234.00,4.46,"247,285.00","57,730,374.00"
72,72,2021-03-18,233.00,233.00,221.00,224.00,0.90,"127,896.00","28,671,652.00"
73,73,2021-03-17,231.00,231.00,216.00,222.00,0.91,"80,366.00","17,608,761.00"
74,74,2021-03-16,217.00,221.00,217.00,220.00,0.46,"75,897.00","16,602,676.00"
75,75,2021-03-15,221.00,224.00,217.00,219.00,-1.35,"183,435.00","40,294,832.00"
76,76,2021-03-14,229.00,229.00,220.00,222.00,-1.33,"96,415.00","21,410,632.00"
77,77,2021-03-10,227.00,227.00,224.00,225.00,-0.88,"67,596.00","15,202,093.00"
78,78,2021-03-09,226.00,230.00,225.00,227.00,-0.87,"99,358.00","22,520,816.00"
79,79,2021-03-07,235.00,236.00,227.00,229.00,-1.72,"112,211.00","25,761,700.00"
80,80,2021-03-04,226.00,234.00,225.00,233.00,3.10,"205,936.00","47,281,643.00"
81,81,2021-03-03,217.00,229.00,217.00,226.00,-0.88,"218,840.00","48,834,989.00"
82,82,2021-03-02,246.00,246.00,226.00,228.00,-2.98,"226,726.00","51,996,679.00"
83,83,2021-03-01,225.00,240.00,225.00,235.00,2.17,"189,273.00","44,129,565.00"
84,84,2021-02-28,245.00,245.00,228.00,230.00,-4.56,"260,006.00","60,506,381.00"
85,85,2021-02-25,256.00,256.00,238.00,241.00,-1.23,"206,704.00","49,701,481.00"
86,86,2021-02-24,250.00,256.00,240.00,244.00,0.83,"229,783.00","56,837,725.00"
87,87,2021-02-23,249.00,250.00,234.00,242.00,-2.81,"355,653.00","84,907,703.00"
88,88,2021-02-22,276.00,276.00,245.00,249.00,-5.32,"640,726.00","161,280,302.00"
89,89,2021-02-21,257.00,269.00,244.00,263.00,7.35,"831,641.00","214,459,728.00"
90,90,2021-02-18,229.00,245.00,223.00,245.00,9.87,"1,187,423.00","283,806,451.00"
91,91,2021-02-17,223.00,225.00,221.00,223.00,0.00,"173,664.00","38,733,175.00"
92,92,2021-02-16,225.00,226.00,221.00,223.00,0.45,"324,336.00","72,501,386.00"
93,93,2021-02-15,224.00,225.00,219.00,222.00,0.91,"138,452.00","30,563,811.00"
94,94,2021-02-14,236.00,236.00,217.00,220.00,-2.22,"144,425.00","31,725,423.00"
95,95,2021-02-11,225.00,230.00,222.00,225.00,0.90,"280,883.00","63,147,484.00"
96,96,2021-02-10,220.00,223.00,219.00,223.00,1.83,"228,671.00","50,620,196.00"
97,97,2021-02-09,222.00,227.00,217.00,219.00,0.00,"300,729.00","66,972,905.00"
98,98,2021-02-08,220.00,221.00,216.00,219.00,-0.45,"236,801.00","51,884,519.00"
99,99,2021-02-07,215.00,220.00,214.00,220.00,2.33,"285,014.00","61,836,194.00"
100,100,2021-02-04,235.00,235.00,228.00,232.00,-0.43,"684,911.00","158,387,327.00"
101,101,2021-02-03,237.00,238.00,231.00,233.00,-0.85,"314,720.00","73,269,304.00"
102,102,2021-02-02,238.00,239.00,228.00,235.00,0.43,"285,670.00","67,138,225.00"
103,103,2021-02-01,231.00,237.00,220.00,234.00,6.36,"640,953.00","145,493,364.00"
104,104,2021-01-31,233.00,233.00,213.00,220.00,-0.90,"499,528.00","108,777,577.00"
105,105,2021-01-28,227.00,229.00,220.00,222.00,-2.20,"330,635.00","73,658,890.00"
106,106,2021-01-27,227.00,230.00,225.00,227.00,0.00,"220,959.00","50,126,457.00"
107,107,2021-01-26,233.00,233.00,226.00,227.00,-1.30,"196,382.00","45,058,756.00"
108,108,2021-01-25,245.00,245.00,229.00,230.00,-2.95,"319,330.00","74,258,781.00"
109,109,2021-01-24,226.00,238.00,225.00,237.00,6.28,"455,687.00","106,140,341.00"
110,110,2021-01-21,222.00,226.00,221.00,223.00,0.45,"451,493.00","100,783,547.00"
111,111,2021-01-20,217.00,224.00,217.00,222.00,2.30,"359,756.00","79,566,496.00"
112,112,2021-01-19,218.00,218.00,214.00,217.00,1.40,"178,723.00","38,603,284.00"
113,113,2021-01-18,217.00,218.00,214.00,214.00,-1.38,"212,653.00","45,830,403.00"
114,114,2021-01-17,222.00,222.00,210.00,217.00,-1.36,"980,170.00","209,907,696.00"
115,115,2021-01-13,230.00,230.00,220.00,220.00,-1.79,"281,622.00","62,461,445.00"
116,116,2021-01-12,223.00,230.00,216.00,224.00,5.16,"635,166.00","140,130,841.00"
117,117,2021-01-11,210.00,217.00,203.00,213.00,6.50,"869,453.00","182,929,032.00"
118,118,2021-01-10,199.00,200.00,190.00,200.00,5.26,"401,436.00","79,110,946.00"
119,119,2021-01-07,190.00,192.00,188.00,190.00,0.00,"136,005.00","25,849,827.00"
120,120,2021-01-06,195.00,195.00,186.00,190.00,0.53,"136,754.00","25,813,325.00"
121,121,2021-01-05,189.00,192.00,186.00,189.00,0.53,"121,994.00","23,107,408.00"
122,122,2021-01-04,195.00,195.00,186.00,188.00,-2.08,"206,849.00","39,039,826.00"
123,123,2021-01-03,190.00,193.00,185.00,192.00,3.78,"291,091.00","54,797,054.00"
124,124,2020-12-31,187.00,190.00,181.00,185.00,3.35,"314,421.00","57,924,196.00"
125,125,2020-12-30,176.00,181.00,175.00,179.00,2.29,"179,829.00","32,212,458.00"
126,126,2020-12-29,182.00,182.00,174.00,175.00,-1.69,"82,224.00","14,477,280.00"
127,127,2020-12-28,177.00,181.00,175.00,178.00,0.56,"66,161.00","11,802,822.00"
128,128,2020-12-27,181.00,185.00,176.00,177.00,-1.67,"107,480.00","19,133,462.00"
129,129,2020-12-24,177.00,182.00,175.00,180.00,0.00,"151,276.00","27,048,963.00"
130,130,2020-12-23,187.00,190.00,178.00,180.00,0.56,"126,135.00","22,874,419.00"
131,131,2020-12-22,174.00,183.00,174.00,179.00,4.68,"154,890.00","27,768,195.00"
132,132,2020-12-21,170.00,175.00,165.00,171.00,-0.58,"104,323.00","17,699,833.00"
133,133,2020-12-20,181.00,181.00,170.00,172.00,-3.37,"104,728.00","18,221,203.00"
134,134,2020-12-17,176.00,183.00,176.00,178.00,0.00,"99,789.00","17,881,654.00"
135,135,2020-12-16,184.00,184.00,178.00,178.00,-2.20,"70,354.00","12,632,766.00"
136,136,2020-12-15,190.00,190.00,179.00,182.00,-0.55,"76,208.00","13,781,399.00"
137,137,2020-12-14,185.00,186.00,179.00,183.00,-1.08,"161,927.00","29,606,605.00"
138,138,2020-12-13,175.00,189.00,174.00,185.00,4.52,"134,903.00","24,353,999.00"
139,139,2020-12-10,178.00,179.00,173.00,177.00,0.00,"70,664.00","12,403,848.00"
140,140,2020-12-09,180.00,180.00,175.00,177.00,-1.67,"98,580.00","17,411,301.00"
141,141,2020-12-08,189.00,189.00,177.00,180.00,0.00,"94,336.00","16,886,739.00"
142,142,2020-12-07,178.00,188.00,177.00,180.00,-0.55,"153,476.00","27,615,575.00"
143,143,2020-12-06,186.00,186.00,180.00,181.00,-2.69,"140,034.00","25,343,940.00"
144,144,2020-12-03,187.00,192.00,183.00,186.00,-0.53,"128,147.00","23,861,392.00"
145,145,2020-12-02,192.00,192.00,182.00,187.00,0.54,"177,476.00","33,132,688.00"
146,146,2020-12-01,191.00,197.00,181.00,186.00,-1.59,"207,305.00","39,010,974.00"
147,147,2020-11-30,203.00,203.00,188.00,189.00,-2.58,"466,798.00","90,657,603.00"
148,148,2020-11-29,178.00,194.00,178.00,194.00,9.60,"884,618.00","168,083,292.00"
149,149,2020-11-26,179.00,184.00,174.00,177.00,0.00,"317,658.00","56,789,076.00"
150,150,2020-11-25,173.00,184.00,171.00,177.00,3.51,"402,308.00","70,184,608.00"
151,151,2020-11-24,171.00,173.00,170.00,171.00,0.00,"190,538.00","32,605,588.00"
152,152,2020-11-23,170.00,173.00,169.00,171.00,0.00,"96,359.00","16,425,605.00"
153,153,2020-11-22,171.00,176.00,170.00,171.00,0.00,"158,627.00","27,178,528.00"
154,154,2020-11-19,170.00,174.00,169.00,171.00,0.00,"114,321.00","19,492,195.00"
155,155,2020-11-18,172.00,173.00,168.00,171.00,-2.29,"132,453.00","22,656,432.00"
156,156,2020-11-12,174.00,177.00,173.00,175.00,0.00,"89,817.00","15,681,570.00"
157,157,2020-11-11,175.00,178.00,172.00,175.00,0.57,"162,234.00","28,355,709.00"
158,158,2020-11-10,174.00,174.00,171.00,174.00,1.16,"60,655.00","10,484,943.00"
159,159,2020-11-09,173.00,173.00,170.00,172.00,0.00,"72,251.00","12,405,301.00"
160,160,2020-11-08,175.00,175.00,169.00,172.00,-0.58,"102,083.00","17,387,845.00"
161,161,2020-11-05,172.00,174.00,171.00,173.00,0.58,"80,281.00","13,777,708.00"
162,162,2020-11-04,173.00,174.00,172.00,172.00,-1.15,"48,557.00","8,389,675.00"
163,163,2020-11-03,175.00,175.00,172.00,174.00,-0.57,"37,031.00","6,410,103.00"
164,164,2020-11-02,177.00,179.00,173.00,175.00,-1.13,"115,057.00","20,209,338.00"
165,165,2020-11-01,186.00,186.00,176.00,177.00,-0.56,"205,014.00","36,430,760.00"
166,166,2020-10-29,186.00,188.00,176.00,178.00,-2.20,"372,213.00","66,549,912.00"
167,167,2020-10-28,170.00,182.00,170.00,182.00,7.06,"433,715.00","76,736,963.00"
168,168,2020-10-22,174.00,174.00,166.00,170.00,2.41,"137,155.00","23,058,445.00"
169,169,2020-10-21,164.00,167.00,164.00,166.00,0.61,"44,214.00","7,317,370.00"
170,170,2020-10-20,164.00,166.00,164.00,165.00,0.61,"30,209.00","4,980,846.00"
171,171,2020-10-19,164.00,166.00,162.00,164.00,0.00,"24,141.00","3,974,229.00"
172,172,2020-10-18,167.00,167.00,162.00,164.00,0.00,"25,408.00","4,149,879.00"
173,173,2020-10-15,167.00,167.00,163.00,164.00,0.00,"70,923.00","11,637,073.00"
174,174,2020-10-14,168.00,168.00,163.00,164.00,-1.20,"37,869.00","6,216,780.00"
175,175,2020-10-13,167.00,169.00,165.00,166.00,0.00,"46,191.00","7,658,582.00"
176,176,2020-10-12,165.00,169.00,165.00,166.00,-0.60,"56,535.00","9,423,226.00"
177,177,2020-10-11,168.00,170.00,166.00,167.00,0.00,"144,211.00","24,242,303.00"
178,178,2020-10-08,178.00,178.00,167.00,167.00,-1.76,"163,732.00","27,781,502.00"
179,179,2020-10-07,164.00,173.00,164.00,170.00,2.41,"270,092.00","45,644,680.00"
180,180,2020-10-06,173.00,173.00,163.00,166.00,0.61,"56,494.00","9,321,473.00"
181,181,2020-10-05,165.00,167.00,164.00,165.00,0.00,"109,799.00","18,158,429.00"
182,182,2020-10-04,169.00,170.00,161.00,165.00,-1.20,"346,843.00","56,759,390.00"
183,183,2020-10-01,177.00,177.00,164.00,167.00,-1.18,"100,439.00","16,840,122.00"
184,184,2020-09-30,171.00,171.00,162.00,169.00,1.20,"122,146.00","20,334,967.00"
185,185,2020-09-29,178.00,178.00,166.00,167.00,-1.76,"81,358.00","13,560,806.00"
186,186,2020-09-28,173.00,173.00,167.00,170.00,0.00,"268,346.00","45,483,304.00"
187,187,2020-09-27,160.00,174.00,160.00,170.00,6.92,"659,317.00","111,012,931.00"
188,188,2020-09-24,164.00,167.00,155.00,159.00,1.27,"175,984.00","28,116,855.00"
189,189,2020-09-23,163.00,163.00,153.00,157.00,0.64,"126,117.00","19,563,894.00"
190,190,2020-09-22,160.00,162.00,155.00,156.00,-1.89,"201,798.00","31,924,367.00"
191,191,2020-09-21,160.00,164.00,154.00,159.00,1.27,"331,885.00","52,526,185.00"
192,192,2020-09-20,157.00,165.00,156.00,157.00,4.67,"456,634.00","75,050,334.00"
193,193,2020-09-17,148.00,153.00,145.00,150.00,3.45,"240,237.00","35,759,663.00"
194,194,2020-09-16,145.00,146.00,144.00,145.00,0.00,"52,659.00","7,609,704.00"
195,195,2020-09-15,148.00,148.00,145.00,145.00,-0.68,"33,851.00","4,933,570.00"
196,196,2020-09-14,145.00,147.00,145.00,146.00,0.00,"63,590.00","9,292,135.00"
197,197,2020-09-13,146.00,146.00,143.00,146.00,0.69,"45,157.00","6,526,893.00"
198,198,2020-09-10,147.00,148.00,143.00,145.00,-0.68,"37,186.00","5,363,584.00"
199,199,2020-09-09,142.00,146.00,142.00,146.00,1.39,"39,828.00","5,745,454.00"
200,200,2020-09-08,144.00,145.00,141.00,144.00,-0.69,"33,943.00","4,836,451.00"
201,201,2020-09-07,145.00,149.00,143.00,145.00,0.00,"29,670.00","4,272,582.00"
202,202,2020-09-06,148.00,153.00,145.00,145.00,-0.68,"50,836.00","7,488,940.00"
203,203,2020-09-03,147.00,150.00,145.00,146.00,-1.35,"52,121.00","7,646,664.00"
204,204,2020-09-02,144.00,148.00,143.00,148.00,2.78,"123,459.00","18,034,839.00"
205,205,2020-08-31,144.00,145.00,143.00,144.00,0.00,"34,338.00","4,946,777.00"
206,206,2020-08-30,144.00,145.00,142.00,144.00,1.41,"41,821.00","5,999,553.00"
207,207,2020-08-27,145.00,146.00,142.00,142.00,-2.07,"96,982.00","13,908,116.00"
208,208,2020-08-26,145.00,145.00,143.00,145.00,0.00,"46,105.00","6,632,491.00"
209,209,2020-08-25,145.00,145.00,143.00,145.00,1.40,"37,575.00","5,403,298.00"
210,210,2020-08-24,143.00,145.00,142.00,143.00,-0.69,"59,073.00","8,477,996.00"
211,211,2020-08-23,142.00,144.00,142.00,144.00,0.70,"25,776.00","3,681,844.00"
212,212,2020-08-20,142.00,145.00,142.00,143.00,0.00,"23,339.00","3,351,724.00"
213,213,2020-08-19,143.00,144.00,141.00,143.00,0.00,"70,649.00","10,058,324.00"
214,214,2020-08-18,146.00,146.00,143.00,143.00,-2.05,"47,005.00","6,777,733.00"
215,215,2020-08-17,144.00,146.00,144.00,146.00,1.39,"62,155.00","9,010,627.00"
216,216,2020-08-16,149.00,149.00,142.00,144.00,-2.04,"84,648.00","12,146,388.00"
217,217,2020-08-13,146.00,148.00,145.00,147.00,0.00,"60,219.00","8,806,683.00"
218,218,2020-08-12,144.00,147.00,143.00,147.00,1.38,"87,940.00","12,772,259.00"
219,219,2020-08-11,146.00,147.00,144.00,145.00,0.00,"33,570.00","4,847,077.00"
220,220,2020-08-10,141.00,147.00,141.00,145.00,1.40,"21,584.00","3,126,306.00"
221,221,2020-08-09,143.00,145.00,141.00,143.00,-0.69,"40,589.00","5,813,801.00"
222,222,2020-08-06,144.00,144.00,141.00,144.00,-1.37,"49,908.00","7,109,818.00"
223,223,2020-08-05,145.00,146.00,141.00,146.00,0.00,"40,596.00","5,845,233.00"
224,224,2020-08-03,147.00,148.00,143.00,146.00,0.00,"32,533.00","4,732,470.00"
225,225,2020-08-02,145.00,147.00,142.00,146.00,-0.68,"81,343.00","11,795,190.00"
226,226,2020-07-30,153.00,153.00,145.00,147.00,0.68,"52,774.00","7,736,055.00"
227,227,2020-07-29,141.00,150.00,141.00,146.00,-1.35,"36,623.00","5,395,130.00"
228,228,2020-07-28,149.00,150.00,145.00,148.00,0.68,"89,121.00","13,184,964.00"
229,229,2020-07-27,148.00,148.00,145.00,147.00,0.00,"60,089.00","8,778,123.00"
230,230,2020-07-26,143.00,149.00,143.00,147.00,1.38,"49,058.00","7,116,034.00"
231,231,2020-07-23,145.00,145.00,142.00,145.00,0.00,"41,696.00","5,981,631.00"
232,232,2020-07-22,147.00,150.00,145.00,145.00,-0.68,"85,604.00","12,542,866.00"
233,233,2020-07-21,150.00,151.00,144.00,146.00,-4.58,"62,226.00","9,210,412.00"
234,234,2020-07-20,160.00,163.00,146.00,153.00,-2.55,"112,424.00","16,987,012.00"
235,235,2020-07-19,147.00,157.00,147.00,157.00,8.28,240.00,"37,410.00"
236,236,2020-07-16,139.00,149.00,138.00,145.00,4.32,"47,125.00","6,668,655.00"
237,237,2020-07-15,135.00,139.00,135.00,139.00,1.46,"42,646.00","5,845,704.00"
238,238,2020-07-14,134.00,139.00,134.00,137.00,0.74,"22,894.00","3,127,393.00"
239,239,2020-07-13,136.00,138.00,134.00,136.00,-1.45,"43,444.00","5,898,786.00"
240,240,2020-07-12,138.00,138.00,136.00,138.00,-1.43,"10,407.00","1,433,632.00"
241,241,2020-07-09,140.00,141.00,137.00,140.00,0.00,"27,928.00","3,884,572.00"
242,242,2020-07-08,136.00,140.00,136.00,140.00,1.45,"26,623.00","3,690,442.00"
243,243,2020-07-07,136.00,140.00,134.00,138.00,2.99,"38,464.00","5,279,049.00"
244,244,2020-07-06,130.00,136.00,128.00,134.00,3.08,"36,198.00","4,811,334.00"
245,245,2020-07-05,129.00,135.00,128.00,130.00,0.78,"37,051.00","4,832,701.00"
246,246,2020-07-02,139.00,139.00,126.00,129.00,-5.84,"27,804.00","3,624,082.00"
247,247,2020-07-01,136.00,138.00,136.00,137.00,2.24,"5,028.00","691,136.00"
248,248,2020-06-30,128.00,134.00,128.00,134.00,3.08,"9,301.00","1,206,390.00"
249,249,2020-06-29,132.00,134.00,125.00,130.00,0.00,"14,805.00","1,929,828.00"
250,250,2020-05-12,136.00,136.00,134.00,134.00,-2.90,520.00,"69,700.00"
251,251,2020-03-22,138.00,140.00,138.00,138.00,-1.43,"1,836.00","253,528.00"
252,252,2020-03-19,137.00,145.00,134.00,140.00,0.72,"72,881.00","10,066,239.00"
253,253,2020-03-18,137.00,139.00,135.00,139.00,0.72,"94,084.00","12,899,092.00"
254,254,2020-03-17,140.00,140.00,137.00,138.00,-2.13,"99,811.00","13,740,560.00"
255,255,2020-03-16,139.00,142.00,137.00,141.00,0.71,"56,150.00","7,862,258.00"
256,256,2020-03-15,142.00,144.00,139.00,140.00,-2.78,"92,685.00","13,008,214.00"
257,257,2020-03-12,146.00,149.00,143.00,144.00,-2.70,"123,276.00","17,776,098.00"
258,258,2020-03-11,144.00,149.00,142.00,148.00,4.23,"83,593.00","12,153,573.00"
259,259,2020-03-10,147.00,147.00,142.00,142.00,-4.70,"54,991.00","7,922,816.00"
260,260,2020-03-05,148.00,153.00,147.00,149.00,-0.67,"123,569.00","18,378,872.00"
261,261,2020-03-04,154.00,155.00,149.00,150.00,-2.60,"102,186.00","15,463,736.00"
262,262,2020-03-03,153.00,161.00,152.00,154.00,-0.65,"126,271.00","19,555,984.00"
263,263,2020-03-02,160.00,161.00,155.00,155.00,-3.13,"104,245.00","16,404,022.00"
264,264,2020-03-01,159.00,167.00,158.00,160.00,-1.23,"380,322.00","61,887,612.00"
265,265,2020-02-27,157.00,165.00,154.00,162.00,3.18,"414,330.00","65,895,336.00"
266,266,2020-02-26,156.00,159.00,156.00,157.00,-0.63,"293,160.00","46,129,800.00"
267,267,2020-02-25,157.00,159.00,155.00,158.00,0.00,"99,187.00","15,539,048.00"
268,268,2020-02-24,162.00,165.00,156.00,158.00,-0.63,"154,282.00","24,523,916.00"
269,269,2020-02-23,156.00,160.00,154.00,159.00,3.92,"219,039.00","34,461,580.00"
270,270,2020-02-20,152.00,153.00,151.00,153.00,0.00,"93,809.00","14,281,212.00"
271,271,2020-02-19,153.00,154.00,151.00,153.00,-0.65,"88,720.00","13,543,161.00"
272,272,2020-02-18,156.00,157.00,152.00,154.00,0.00,"60,322.00","9,275,650.00"
273,273,2020-02-17,153.00,159.00,153.00,154.00,1.32,"87,914.00","13,620,013.00"
274,274,2020-02-16,151.00,154.00,150.00,152.00,0.66,"50,596.00","7,654,315.00"
275,275,2020-02-13,153.00,154.00,151.00,151.00,-1.31,"47,451.00","7,215,074.00"
276,276,2020-02-12,155.00,158.00,152.00,153.00,-1.29,"71,566.00","11,090,655.00"
277,277,2020-02-11,150.00,157.00,150.00,155.00,1.97,"538,060.00","83,410,216.00"
278,278,2020-02-10,151.00,154.00,151.00,152.00,0.00,"66,856.00","10,215,851.00"
279,279,2020-02-09,154.00,155.00,152.00,152.00,-1.94,"93,484.00","14,343,063.00"
280,280,2020-02-06,158.00,159.00,153.00,155.00,-3.73,"163,045.00","25,430,272.00"
281,281,2020-02-05,150.00,162.00,148.00,161.00,8.78,"827,440.00","130,612,128.00"
282,282,2020-02-04,148.00,151.00,148.00,148.00,-1.33,"131,643.00","19,635,276.00"
283,283,2020-02-03,152.00,152.00,148.00,150.00,0.00,"48,790.00","7,267,382.00"
284,284,2020-02-02,151.00,154.00,147.00,150.00,0.67,"74,299.00","11,073,765.00"
285,285,2020-01-30,143.00,149.00,143.00,149.00,2.76,"86,303.00","12,625,006.00"
286,286,2020-01-29,145.00,147.00,144.00,145.00,-1.36,"29,858.00","4,332,875.00"
287,287,2020-01-28,147.00,147.00,144.00,147.00,1.38,"52,400.00","7,622,710.00"
288,288,2020-01-27,144.00,147.00,143.00,145.00,1.40,"40,225.00","5,818,350.00"
289,289,2020-01-26,146.00,148.00,143.00,143.00,-2.72,"69,644.00","10,115,223.00"
290,290,2020-01-23,149.00,150.00,147.00,147.00,-2.65,"92,701.00","13,722,484.00"
291,291,2020-01-22,148.00,151.00,145.00,151.00,2.03,"74,142.00","10,936,687.00"
292,292,2020-01-21,148.00,150.00,147.00,148.00,0.00,"44,853.00","6,645,092.00"
293,293,2020-01-20,155.00,155.00,146.00,148.00,-2.63,"119,269.00","17,821,700.00"
294,294,2020-01-19,151.00,156.00,149.00,152.00,1.33,"162,663.00","24,880,552.00"
295,295,2020-01-16,149.00,152.00,146.00,150.00,2.04,"131,135.00","19,538,264.00"
296,296,2020-01-15,140.00,149.00,140.00,147.00,5.00,"138,329.00","19,977,080.00"
297,297,2020-01-14,140.00,141.00,138.00,140.00,-4.11,"58,396.00","8,141,541.00"
298,298,2020-01-13,144.00,146.00,140.00,146.00,4.29,"73,346.00","10,312,918.00"
299,299,2020-01-12,138.00,140.00,136.00,140.00,2.19,"68,600.00","9,495,810.00"
300,300,2020-01-09,143.00,143.00,135.00,137.00,0.00,"20,889.00","2,839,290.00"
301,301,2020-01-08,139.00,139.00,136.00,137.00,-1.44,"40,252.00","5,505,655.00"
302,302,2020-01-07,137.00,140.00,136.00,139.00,0.72,"40,337.00","5,568,918.00"
303,303,2020-01-06,139.00,139.00,136.00,138.00,0.73,"37,290.00","5,111,179.00"
304,304,2020-01-05,135.00,138.00,135.00,137.00,0.74,"25,720.00","3,510,169.00"
305,305,2020-01-02,141.00,141.00,134.00,136.00,0.74,"22,144.00","2,979,847.00"
306,306,2020-01-01,134.00,138.00,134.00,135.00,-0.74,"8,303.00","1,125,659.00"
307,307,2019-12-31,135.00,136.00,134.00,136.00,0.00,"9,256.00","1,249,675.00"
308,308,2019-12-30,135.00,136.00,135.00,136.00,0.74,"10,458.00","1,413,795.00"
309,309,2019-12-29,136.00,136.00,134.00,135.00,-0.74,"7,667.00","1,032,503.00"
310,310,2019-12-26,136.00,136.00,135.00,136.00,-0.73,"13,522.00","1,836,611.00"
311,311,2019-12-25,135.00,137.00,134.00,137.00,0.00,"25,786.00","3,499,450.00"
312,312,2019-12-24,134.00,137.00,134.00,137.00,0.74,"12,748.00","1,734,218.00"
313,313,2019-12-23,134.00,136.00,134.00,136.00,1.49,"17,742.00","2,385,251.00"
314,314,2019-12-22,136.00,136.00,134.00,134.00,-1.47,"17,712.00","2,374,900.00"
315,315,2019-12-19,136.00,137.00,135.00,136.00,0.00,"17,505.00","2,375,866.00"
316,316,2019-12-18,136.00,137.00,135.00,136.00,-0.73,"38,029.00","5,156,947.00"
317,317,2019-12-17,137.00,138.00,136.00,137.00,0.00,"18,228.00","2,496,848.00"
318,318,2019-12-16,138.00,138.00,136.00,137.00,-0.72,"27,150.00","3,723,254.00"
319,319,2019-12-15,137.00,141.00,137.00,138.00,0.73,"41,762.00","5,808,323.00"
320,320,2019-12-12,138.00,139.00,137.00,137.00,-1.44,"24,427.00","3,366,358.00"
321,321,2019-12-11,138.00,139.00,137.00,139.00,0.72,"17,048.00","2,351,251.00"
322,322,2019-12-10,137.00,139.00,136.00,138.00,0.73,"19,136.00","2,630,619.00"
323,323,2019-12-09,138.00,138.00,135.00,137.00,-2.14,"23,829.00","3,246,136.00"
324,324,2019-12-08,140.00,140.00,137.00,140.00,0.00,"69,311.00","9,614,235.00"
325,325,2019-12-05,137.00,140.00,137.00,140.00,2.94,"22,578.00","3,113,994.00"
326,326,2019-12-04,138.00,138.00,135.00,136.00,0.00,"22,834.00","3,112,935.00"
327,327,2019-12-03,138.00,138.00,136.00,136.00,-0.73,"16,327.00","2,239,052.00"
328,328,2019-12-02,136.00,138.00,135.00,137.00,0.74,"7,853.00","1,072,743.00"
329,329,2019-12-01,136.00,137.00,135.00,136.00,0.00,"13,909.00","1,881,822.00"
330,330,2019-11-28,136.00,137.00,134.00,136.00,0.00,"28,387.00","3,835,835.00"
331,331,2019-11-27,136.00,137.00,135.00,136.00,0.00,"21,961.00","2,983,932.00"
332,332,2019-11-26,137.00,137.00,135.00,136.00,0.00,"13,164.00","1,787,636.00"
333,333,2019-11-25,137.00,137.00,134.00,136.00,0.00,"40,674.00","5,487,222.00"
334,334,2019-11-24,137.00,137.00,134.00,136.00,-0.73,"11,342.00","1,532,949.00"
335,335,2019-11-21,136.00,138.00,136.00,137.00,0.00,"18,775.00","2,563,862.00"
336,336,2019-11-20,138.00,139.00,137.00,137.00,-0.72,"14,378.00","1,982,245.00"
337,337,2019-11-19,137.00,138.00,135.00,138.00,0.00,"28,073.00","3,826,959.00"
338,338,2019-11-18,137.00,138.00,137.00,138.00,0.00,"20,052.00","2,761,250.00"
339,339,2019-11-17,139.00,139.00,137.00,138.00,-1.43,"20,201.00","2,787,746.00"
340,340,2019-11-14,139.00,140.00,139.00,140.00,0.00,"16,005.00","2,230,748.00"
341,341,2019-11-13,140.00,141.00,139.00,140.00,0.00,"23,846.00","3,327,310.00"
342,342,2019-11-12,142.00,142.00,139.00,140.00,0.00,"10,659.00","1,494,540.00"
343,343,2019-11-11,140.00,141.00,139.00,140.00,0.00,"19,633.00","2,745,117.00"
344,344,2019-11-10,140.00,140.00,139.00,140.00,0.00,"23,235.00","3,234,337.00"
345,345,2019-11-07,141.00,142.00,140.00,140.00,0.00,"22,998.00","3,229,667.00"
346,346,2019-11-06,142.00,142.00,140.00,140.00,-1.41,"5,407.00","762,253.00"
347,347,2019-11-05,142.00,143.00,141.00,142.00,-0.70,"11,338.00","1,603,933.00"
348,348,2019-11-04,141.00,143.00,141.00,143.00,0.70,"10,495.00","1,485,458.00"
349,349,2019-11-03,141.00,142.00,141.00,142.00,-0.70,"13,289.00","1,878,299.00"
350,350,2019-10-31,143.00,143.00,141.00,143.00,0.00,"7,847.00","1,116,053.00"
351,351,2019-10-24,143.00,144.00,142.00,143.00,-0.69,"10,216.00","1,458,851.00"
352,352,2019-10-23,144.00,144.00,142.00,144.00,0.70,"9,170.00","1,312,520.00"
353,353,2019-10-22,141.00,144.00,141.00,143.00,0.70,"7,491.00","1,065,410.00"
354,354,2019-10-21,142.00,142.00,141.00,142.00,0.00,"17,999.00","2,550,536.00"
355,355,2019-10-20,142.00,143.00,141.00,142.00,-0.70,"2,725.00","385,056.00"
356,356,2019-10-17,144.00,144.00,142.00,143.00,-0.69,"5,317.00","758,019.00"
357,357,2019-10-16,143.00,145.00,142.00,144.00,0.00,"10,950.00","1,563,944.00"
358,358,2019-10-15,143.00,144.00,142.00,144.00,0.00,"9,451.00","1,352,557.00"
359,359,2019-10-14,143.00,144.00,139.00,144.00,-0.69,"38,718.00","5,441,695.00"
360,360,2019-10-10,143.00,145.00,143.00,145.00,0.00,"4,015.00","579,375.00"
361,361,2019-10-03,144.00,145.00,143.00,145.00,0.69,"9,795.00","1,410,169.00"
362,362,2019-10-02,145.00,145.00,143.00,144.00,0.00,"5,346.00","769,112.00"
363,363,2019-10-01,142.00,144.00,142.00,144.00,0.00,"9,951.00","1,429,530.00"
364,364,2019-09-30,142.00,144.00,141.00,144.00,2.13,"10,055.00","1,427,846.00"
365,365,2019-09-29,142.00,142.00,140.00,141.00,-0.70,"7,928.00","1,119,873.00"
366,366,2019-09-26,141.00,143.00,141.00,142.00,0.71,"14,574.00","2,061,017.00"
367,367,2019-09-25,142.00,144.00,140.00,141.00,-1.40,"30,298.00","4,282,136.00"
368,368,2019-09-24,143.00,143.00,141.00,143.00,-0.69,"11,824.00","1,681,381.00"
369,369,2019-09-23,144.00,145.00,142.00,144.00,0.70,"32,113.00","4,585,605.00"
370,370,2019-09-22,143.00,143.00,142.00,143.00,-2.05,"16,132.00","2,298,525.00"
371,371,2019-09-19,149.00,149.00,145.00,146.00,-1.35,"19,492.00","2,851,741.00"
372,372,2019-09-18,147.00,149.00,145.00,148.00,1.37,"41,659.00","6,095,432.00"
373,373,2019-09-17,143.00,146.00,143.00,146.00,3.55,"24,187.00","3,493,211.00"
374,374,2019-09-16,142.00,144.00,141.00,141.00,-0.70,"25,431.00","3,605,865.00"
375,375,2019-09-15,144.00,144.00,141.00,142.00,-1.39,"26,875.00","3,821,180.00"
376,376,2019-09-12,152.00,152.00,143.00,144.00,-1.37,"24,042.00","3,458,699.00"
377,377,2019-09-11,145.00,146.00,143.00,146.00,0.00,"18,483.00","2,667,341.00"
378,378,2019-09-10,146.00,146.00,144.00,146.00,0.00,"37,644.00","5,442,716.00"
379,379,2019-09-09,147.00,147.00,145.00,146.00,-0.68,"20,809.00","3,037,435.00"
380,380,2019-09-08,147.00,148.00,146.00,147.00,0.00,"20,244.00","2,975,776.00"
381,381,2019-09-05,150.00,150.00,147.00,147.00,-1.34,"14,914.00","2,204,743.00"
382,382,2019-09-04,151.00,151.00,146.00,149.00,0.00,"8,139.00","1,208,662.00"
383,383,2019-09-03,147.00,149.00,143.00,149.00,1.36,"45,951.00","6,711,177.00"
384,384,2019-09-02,150.00,150.00,145.00,147.00,-1.34,"18,769.00","2,742,860.00"
385,385,2019-09-01,149.00,150.00,148.00,149.00,0.68,"24,835.00","3,689,555.00"
386,386,2019-08-29,147.00,148.00,144.00,148.00,1.37,"23,892.00","3,475,862.00"
387,387,2019-08-28,148.00,148.00,145.00,146.00,-0.68,"15,482.00","2,251,555.00"
388,388,2019-08-27,146.00,148.00,145.00,147.00,0.68,"16,716.00","2,445,519.00"
389,389,2019-08-26,145.00,147.00,145.00,146.00,-0.68,"19,274.00","2,809,873.00"
390,390,2019-08-25,146.00,147.00,145.00,147.00,0.00,"31,944.00","4,649,451.00"
391,391,2019-08-22,147.00,148.00,146.00,147.00,0.00,"27,862.00","4,083,498.00"
392,392,2019-08-21,147.00,148.00,146.00,147.00,-0.68,"18,039.00","2,649,863.00"
393,393,2019-08-20,148.00,148.00,146.00,148.00,-0.67,"16,482.00","2,422,749.00"
394,394,2019-08-19,148.00,150.00,147.00,149.00,0.68,"34,910.00","5,166,849.00"
395,395,2019-08-18,147.00,150.00,147.00,148.00,-1.33,"32,753.00","4,841,145.00"
396,396,2019-08-15,150.00,150.00,148.00,150.00,0.67,"25,804.00","3,845,527.00"
397,397,2019-08-14,152.00,152.00,148.00,149.00,-0.67,"49,154.00","7,308,305.00"
398,398,2019-08-13,151.00,152.00,150.00,150.00,-0.66,"26,581.00","3,992,155.00"
399,399,2019-08-12,151.00,152.00,150.00,151.00,0.00,"55,784.00","8,403,939.00"
400,400,2019-08-11,151.00,151.00,150.00,151.00,0.00,"9,236.00","1,386,322.00"
401,401,2019-08-08,152.00,152.00,150.00,151.00,-0.66,"17,655.00","2,663,976.00"
402,402,2019-08-07,150.00,153.00,149.00,152.00,0.66,"20,710.00","3,123,944.00"
403,403,2019-08-06,155.00,155.00,151.00,151.00,-0.66,"34,093.00","5,169,179.00"
404,404,2019-08-05,150.00,155.00,150.00,152.00,0.00,"23,079.00","3,501,857.00"
405,405,2019-08-04,155.00,155.00,152.00,152.00,-1.94,"27,392.00","4,197,815.00"
406,406,2019-08-01,153.00,156.00,153.00,155.00,0.65,"49,194.00","7,600,114.00"
407,407,2019-07-31,155.00,155.00,153.00,154.00,-0.65,"62,131.00","9,566,123.00"
408,408,2019-07-30,155.00,155.00,153.00,155.00,1.31,"27,113.00","4,178,372.00"
409,409,2019-07-29,156.00,156.00,153.00,153.00,-1.29,"59,237.00","9,085,502.00"
410,410,2019-07-28,157.00,157.00,153.00,155.00,-1.90,"84,840.00","13,089,890.00"
411,411,2019-07-25,161.00,162.00,156.00,158.00,-2.47,"90,246.00","14,310,621.00"
412,412,2019-07-24,161.00,163.00,159.00,162.00,-0.61,"68,624.00","11,073,111.00"
413,413,2019-07-23,164.00,164.00,161.00,163.00,-0.61,"57,037.00","9,282,115.00"
414,414,2019-07-22,163.00,165.00,162.00,164.00,0.61,"102,736.00","16,788,142.00"
415,415,2019-07-21,162.00,163.00,159.00,163.00,1.88,"163,922.00","26,461,568.00"
416,416,2019-07-18,160.00,160.00,158.00,160.00,0.00,"81,234.00","12,957,809.00"
417,417,2019-07-17,158.00,160.00,157.00,160.00,1.27,"45,975.00","7,290,466.00"
418,418,2019-07-16,158.00,158.00,156.00,158.00,0.64,"61,394.00","9,635,515.00"
419,419,2019-07-15,157.00,158.00,156.00,157.00,-0.63,"39,481.00","6,191,617.00"
420,420,2019-07-14,157.00,158.00,156.00,158.00,0.64,"88,339.00","13,862,550.00"
421,421,2019-07-11,156.00,158.00,155.00,157.00,0.00,"113,323.00","17,742,168.00"
422,422,2019-07-10,157.00,158.00,156.00,157.00,-0.63,"45,727.00","7,170,807.00"
423,423,2019-07-09,158.00,158.00,156.00,158.00,0.00,"104,967.00","16,499,358.00"
424,424,2019-07-08,160.00,162.00,157.00,158.00,0.00,"239,742.00","38,020,996.00"
425,425,2019-07-07,154.00,159.00,154.00,158.00,3.95,"370,637.00","57,980,748.00"
426,426,2019-07-04,153.00,155.00,151.00,152.00,0.66,"178,994.00","27,321,368.00"
427,427,2019-07-03,149.00,153.00,145.00,151.00,2.03,"201,454.00","30,211,038.00"
428,428,2019-07-02,144.00,149.00,144.00,148.00,2.07,"67,576.00","9,888,212.00"
429,429,2019-07-01,144.00,145.00,142.00,145.00,0.69,"48,994.00","7,035,905.00"
430,430,2019-06-30,146.00,147.00,143.00,144.00,-0.69,"79,358.00","11,457,137.00"
431,431,2019-06-27,146.00,147.00,144.00,145.00,0.00,"78,536.00","11,376,849.00"
432,432,2019-06-26,149.00,149.00,145.00,145.00,-1.36,"19,514.00","2,841,892.00"
433,433,2019-06-25,147.00,148.00,146.00,147.00,0.00,"9,315.00","1,370,151.00"
434,434,2019-06-24,146.00,150.00,144.00,147.00,0.68,"22,977.00","3,361,554.00"
435,435,2019-06-23,145.00,147.00,145.00,146.00,-0.68,"20,846.00","3,034,331.00"
436,436,2019-06-20,146.00,148.00,145.00,147.00,0.68,"23,321.00","3,413,468.00"
437,437,2019-06-19,146.00,147.00,145.00,146.00,0.00,"5,948.00","867,537.00"
438,438,2019-06-18,145.00,147.00,145.00,146.00,0.00,"16,008.00","2,335,815.00"
439,439,2019-06-17,145.00,146.00,145.00,146.00,0.69,"16,265.00","2,364,435.00"
440,440,2019-06-16,148.00,150.00,144.00,145.00,-1.36,"32,658.00","4,753,094.00"
441,441,2019-06-13,147.00,147.00,146.00,147.00,0.00,"14,349.00","2,106,757.00"
442,442,2019-06-12,147.00,148.00,146.00,147.00,0.00,"23,594.00","3,454,507.00"
443,443,2019-06-11,146.00,149.00,146.00,147.00,1.38,"21,546.00","3,166,621.00"
444,444,2019-06-10,148.00,148.00,145.00,145.00,-1.36,"33,934.00","4,953,148.00"
445,445,2019-06-06,147.00,149.00,146.00,147.00,0.00,"30,457.00","4,487,340.00"
446,446,2019-06-04,147.00,148.00,146.00,147.00,0.68,"28,408.00","4,176,302.00"
447,447,2019-06-03,147.00,148.00,145.00,146.00,-0.68,"54,245.00","7,927,557.00"
448,448,2019-06-02,150.00,151.00,147.00,147.00,-1.34,"42,171.00","6,240,214.00"
449,449,2019-05-30,151.00,156.00,149.00,149.00,0.00,"158,692.00","24,093,648.00"
450,450,2019-05-29,149.00,152.00,148.00,149.00,0.68,"25,154.00","3,746,724.00"
451,451,2019-05-28,148.00,148.00,146.00,148.00,0.68,"70,835.00","10,418,680.00"
452,452,2019-05-27,147.00,148.00,146.00,147.00,0.68,"38,884.00","5,696,526.00"
453,453,2019-05-26,149.00,149.00,146.00,146.00,-0.68,"52,832.00","7,762,746.00"
454,454,2019-05-23,150.00,150.00,147.00,147.00,0.00,"42,981.00","6,372,285.00"
455,455,2019-05-22,150.00,150.00,146.00,147.00,-0.68,"29,947.00","4,407,390.00"
456,456,2019-05-21,150.00,150.00,147.00,148.00,0.00,"40,746.00","6,011,232.00"
457,457,2019-05-20,148.00,149.00,147.00,148.00,0.00,"18,343.00","2,710,968.00"
458,458,2019-05-19,148.00,150.00,147.00,148.00,0.00,"67,169.00","9,947,597.00"
459,459,2019-05-16,151.00,151.00,148.00,148.00,-1.33,"38,077.00","5,681,694.00"
460,460,2019-05-15,150.00,152.00,150.00,150.00,0.00,"70,865.00","10,694,942.00"
461,461,2019-05-14,149.00,152.00,149.00,150.00,0.67,"116,802.00","17,522,852.00"
462,462,2019-05-13,150.00,151.00,148.00,149.00,-1.32,"195,844.00","29,279,496.00"
463,463,2019-05-12,152.00,153.00,150.00,151.00,-0.66,"37,961.00","5,721,604.00"
464,464,2019-05-09,154.00,154.00,150.00,152.00,0.00,"77,038.00","11,630,358.00"
465,465,2019-05-08,155.00,155.00,150.00,152.00,-0.65,"366,650.00","55,320,792.00"
466,466,2019-05-07,155.00,157.00,152.00,153.00,-1.29,"83,599.00","12,863,745.00"
467,467,2019-05-06,152.00,155.00,151.00,155.00,1.97,"65,526.00","10,037,618.00"
468,468,2019-05-05,155.00,156.00,151.00,152.00,-2.56,"91,799.00","13,990,950.00"
469,469,2019-05-02,153.00,156.00,151.00,156.00,0.65,"132,506.00","20,266,992.00"
470,470,2019-04-30,155.00,158.00,155.00,155.00,-1.27,"28,980.00","4,510,389.00"
471,471,2019-04-29,156.00,159.00,153.00,157.00,-1.26,"78,801.00","12,304,588.00"
472,472,2019-04-28,164.00,165.00,158.00,159.00,-2.45,"111,527.00","17,828,684.00"
473,473,2019-04-25,163.00,167.00,161.00,163.00,0.62,"101,536.00","16,571,023.00"
474,474,2019-04-24,158.00,165.00,157.00,162.00,3.18,"85,134.00","13,724,163.00"
475,475,2019-04-23,156.00,159.00,154.00,157.00,1.23,"61,822.00","9,702,933.00"
476,476,2019-04-22,175.00,175.00,170.00,171.00,-0.58,"235,175.00","40,395,856.00"
477,477,2019-04-21,172.00,173.00,169.00,172.00,1.78,"231,269.00","39,462,012.00"
478,478,2019-04-18,168.00,170.00,167.00,169.00,1.20,"113,265.00","19,079,350.00"
479,479,2019-04-17,170.00,170.00,167.00,167.00,-0.60,"154,081.00","25,886,076.00"
480,480,2019-04-16,166.00,168.00,164.00,168.00,3.07,"201,448.00","33,528,358.00"
481,481,2019-04-15,163.00,166.00,160.00,163.00,1.88,"21,592.00","3,504,604.00"
482,482,2019-04-11,161.00,162.00,160.00,160.00,-0.62,"8,736.00","1,405,716.00"
483,483,2019-04-10,160.00,163.00,159.00,161.00,0.00,"18,224.00","2,931,746.00"
484,484,2019-04-09,163.00,163.00,160.00,161.00,0.00,"32,002.00","5,138,838.00"
485,485,2019-04-08,165.00,165.00,159.00,161.00,-1.83,"82,394.00","13,347,374.00"
486,486,2019-04-07,160.00,164.00,159.00,164.00,2.50,"45,639.00","7,396,030.00"
487,487,2019-04-04,163.00,163.00,158.00,160.00,-0.62,"127,721.00","20,442,780.00"
488,488,2019-04-03,159.00,162.00,159.00,161.00,0.63,"118,233.00","19,043,324.00"
489,489,2019-04-02,159.00,160.00,157.00,160.00,2.56,"81,258.00","12,926,546.00"
490,490,2019-04-01,155.00,158.00,155.00,156.00,0.00,"35,692.00","5,565,493.00"
491,491,2019-03-31,155.00,160.00,154.00,156.00,0.65,"17,455.00","2,716,895.00"
492,492,2019-03-28,159.00,159.00,153.00,155.00,-0.64,"34,211.00","5,306,720.00"
493,493,2019-03-27,154.00,156.00,154.00,156.00,0.65,"24,248.00","3,756,333.00"
494,494,2019-03-26,156.00,158.00,154.00,155.00,-0.64,"14,168.00","2,214,777.00"
495,495,2019-03-25,154.00,157.00,154.00,156.00,1.96,"23,900.00","3,704,931.00"
496,496,2019-03-24,154.00,155.00,152.00,153.00,-1.29,"17,703.00","2,711,098.00"
497,497,2019-03-21,157.00,157.00,154.00,155.00,0.00,"19,331.00","2,980,058.00"
498,498,2019-03-19,152.00,158.00,152.00,155.00,0.00,"20,174.00","3,123,351.00"
499,499,2019-03-18,158.00,159.00,154.00,155.00,-2.52,"58,296.00","9,076,409.00"
500,500,2019-03-17,160.00,162.00,158.00,159.00,0.63,"20,512.00","3,259,073.00"
501,501,2019-03-14,159.00,160.00,155.00,158.00,0.00,"34,825.00","5,463,220.00"
502,502,2019-03-13,160.00,165.00,158.00,158.00,-4.24,"82,024.00","13,180,133.00"
503,503,2019-03-12,158.00,165.00,154.00,165.00,5.77,"80,654.00","12,887,401.00"
504,504,2019-03-11,151.00,156.00,150.00,156.00,3.31,"34,029.00","5,231,391.00"
505,505,2019-03-10,152.00,152.00,149.00,151.00,-0.66,"3,423.00","513,768.00"
506,506,2019-03-07,150.00,152.00,149.00,152.00,2.01,"26,429.00","3,974,745.00"
507,507,2019-03-06,148.00,149.00,148.00,149.00,0.68,"5,337.00","790,138.00"
508,508,2019-03-05,149.00,149.00,147.00,148.00,0.68,"12,435.00","1,843,711.00"
509,509,2019-03-03,149.00,150.00,147.00,147.00,-1.34,"27,107.00","4,008,559.00"
510,510,2019-02-27,149.00,150.00,148.00,149.00,-0.67,"8,491.00","1,268,376.00"
511,511,2019-02-26,148.00,150.00,147.00,150.00,1.35,"13,700.00","2,030,783.00"
512,512,2019-02-25,148.00,149.00,147.00,148.00,0.68,"6,647.00","982,533.00"
513,513,2019-02-24,151.00,151.00,147.00,147.00,-2.65,"4,519.00","670,108.00"
514,514,2019-02-21,150.00,151.00,146.00,151.00,2.03,"4,137.00","616,305.00"
515,515,2019-02-20,151.00,151.00,148.00,148.00,-2.63,"13,454.00","1,998,768.00"
516,516,2019-02-19,149.00,152.00,147.00,152.00,2.70,"33,647.00","5,021,709.00"
517,517,2019-02-18,150.00,150.00,146.00,148.00,-1.99,"34,802.00","5,151,665.00"
518,518,2019-02-17,153.00,153.00,149.00,151.00,0.00,"20,575.00","3,080,567.00"
519,519,2019-02-14,152.00,152.00,150.00,151.00,-0.66,"27,002.00","4,070,397.00"
520,520,2019-02-13,153.00,155.00,152.00,152.00,-1.30,"10,101.00","1,544,145.00"
521,521,2019-02-12,154.00,155.00,153.00,154.00,0.00,"7,397.00","1,139,243.00"
522,522,2019-02-11,154.00,155.00,153.00,154.00,-1.28,"22,710.00","3,503,124.00"
523,523,2019-02-10,158.00,158.00,154.00,156.00,-1.27,"24,538.00","3,802,823.00"
524,524,2019-02-07,156.00,158.00,155.00,158.00,0.64,"15,717.00","2,453,673.00"
525,525,2019-02-06,158.00,158.00,156.00,157.00,-0.63,"21,490.00","3,368,599.00"
526,526,2019-02-05,157.00,160.00,157.00,158.00,0.00,"40,840.00","6,453,348.00"
527,527,2019-02-04,158.00,158.00,156.00,158.00,0.00,"5,738.00","902,099.00"
528,528,2019-02-03,157.00,160.00,157.00,158.00,-1.25,"15,410.00","2,431,962.00"
529,529,2019-01-31,159.00,160.00,158.00,160.00,1.27,"12,672.00","2,010,238.00"
530,530,2019-01-30,159.00,159.00,158.00,158.00,-0.63,"14,370.00","2,278,971.00"
531,531,2019-01-29,159.00,160.00,158.00,159.00,-0.63,"16,637.00","2,633,531.00"
532,532,2019-01-28,160.00,160.00,159.00,160.00,0.00,"12,370.00","1,974,234.00"
533,533,2019-01-27,160.00,160.00,158.00,160.00,0.00,"21,717.00","3,454,291.00"
534,534,2019-01-24,160.00,161.00,160.00,160.00,-1.23,"7,990.00","1,281,748.00"
535,535,2019-01-23,159.00,162.00,159.00,162.00,1.25,"42,143.00","6,757,044.00"
536,536,2019-01-22,160.00,162.00,159.00,160.00,-0.62,"13,120.00","2,094,354.00"
537,537,2019-01-21,160.00,162.00,160.00,161.00,-0.62,"11,148.00","1,786,263.00"
538,538,2019-01-20,165.00,165.00,160.00,162.00,0.00,"9,152.00","1,465,454.00"
539,539,2019-01-17,161.00,163.00,160.00,162.00,0.62,"8,789.00","1,416,892.00"
540,540,2019-01-16,162.00,162.00,160.00,161.00,-1.83,"12,349.00","1,991,359.00"
541,541,2019-01-15,161.00,164.00,161.00,164.00,0.61,"12,422.00","2,024,262.00"
542,542,2019-01-14,162.00,163.00,160.00,163.00,0.62,"13,418.00","2,160,347.00"
543,543,2019-01-13,163.00,164.00,160.00,162.00,-0.61,"13,399.00","2,158,205.00"
544,544,2019-01-10,163.00,163.00,161.00,163.00,0.00,"16,340.00","2,649,237.00"
545,545,2019-01-09,163.00,163.00,162.00,163.00,0.62,"5,728.00","928,790.00"
546,546,2019-01-08,167.00,167.00,161.00,162.00,-1.22,"21,176.00","3,436,786.00"
547,547,2019-01-07,163.00,164.00,162.00,164.00,1.23,"5,283.00","863,452.00"
548,548,2019-01-06,161.00,162.00,161.00,162.00,0.00,"19,659.00","3,176,288.00"
549,549,2019-01-03,163.00,164.00,162.00,162.00,-1.82,"25,481.00","4,142,200.00"
550,550,2019-01-02,164.00,165.00,162.00,165.00,1.85,"8,920.00","1,450,544.00"
551,551,2019-01-01,164.00,164.00,162.00,162.00,-0.61,"11,402.00","1,855,960.00"
552,552,2018-12-31,164.00,165.00,163.00,163.00,-1.21,"7,579.00","1,237,211.00"
553,553,2018-12-30,166.00,167.00,164.00,165.00,-1.79,"17,844.00","2,943,096.00"
554,554,2018-12-27,171.00,172.00,166.00,168.00,-1.18,"44,457.00","7,476,189.00"
555,555,2018-12-26,165.00,172.00,165.00,170.00,2.41,"55,183.00","9,333,627.00"
556,556,2018-12-25,164.00,166.00,164.00,166.00,1.22,"14,295.00","2,355,159.00"
557,557,2018-12-24,171.00,172.00,164.00,164.00,-2.96,"24,432.00","4,071,940.00"
558,558,2018-12-23,166.00,173.00,166.00,169.00,3.68,"44,559.00","7,512,179.00"
559,559,2018-12-20,166.00,166.00,162.00,163.00,-0.61,"25,245.00","4,129,348.00"
560,560,2018-12-19,164.00,165.00,162.00,164.00,0.61,"17,011.00","2,783,477.00"
561,561,2018-12-18,169.00,170.00,163.00,163.00,-3.55,"28,663.00","4,730,052.00"
562,562,2018-12-17,167.00,169.00,165.00,169.00,1.81,"12,818.00","2,137,558.00"
563,563,2018-12-16,164.00,167.00,164.00,166.00,1.22,"58,506.00","9,678,248.00"
564,564,2018-12-13,159.00,165.00,159.00,164.00,3.80,"29,164.00","4,725,259.00"
565,565,2018-12-12,157.00,160.00,156.00,158.00,0.00,"21,317.00","3,346,212.00"
566,566,2018-12-11,160.00,161.00,158.00,158.00,-1.86,"18,497.00","2,936,026.00"
567,567,2018-12-10,160.00,163.00,160.00,161.00,0.63,"16,317.00","2,640,489.00"
568,568,2018-12-09,161.00,161.00,158.00,160.00,1.27,"18,587.00","2,976,281.00"
569,569,2018-12-06,156.00,160.00,153.00,158.00,0.64,"34,917.00","5,510,768.00"
570,570,2018-12-05,163.00,163.00,156.00,157.00,-3.09,"36,289.00","5,712,501.00"
571,571,2018-12-04,162.00,162.00,159.00,162.00,1.25,"16,833.00","2,705,468.00"
572,572,2018-12-03,157.00,161.00,157.00,160.00,1.91,"33,645.00","5,364,688.00"
573,573,2018-12-02,160.00,160.00,156.00,157.00,-1.88,"24,147.00","3,811,424.00"
574,574,2018-11-29,163.00,163.00,159.00,160.00,-1.84,"24,779.00","3,976,499.00"
575,575,2018-11-28,164.00,164.00,162.00,163.00,0.62,"12,578.00","2,051,135.00"
576,576,2018-11-27,163.00,165.00,162.00,162.00,-0.61,"18,845.00","3,081,568.00"
577,577,2018-11-26,162.00,163.00,162.00,163.00,1.24,"9,084.00","1,477,643.00"
578,578,2018-11-25,165.00,165.00,161.00,161.00,-3.59,"32,979.00","5,382,375.00"
579,579,2018-11-22,166.00,167.00,165.00,167.00,-0.60,"9,217.00","1,525,961.00"
580,580,2018-11-21,165.00,168.00,164.00,168.00,2.44,"29,782.00","4,907,518.00"
581,581,2018-11-20,162.00,167.00,163.00,164.00,-0.61,"24,308.00","3,994,640.00"
582,582,2018-11-19,165.00,168.00,164.00,165.00,-0.60,"33,019.00","5,447,647.00"
583,583,2018-11-18,168.00,169.00,166.00,166.00,-1.78,"15,763.00","2,628,592.00"
584,584,2018-11-15,170.00,173.00,168.00,169.00,-0.59,"27,787.00","4,714,873.00"
585,585,2018-11-14,170.00,170.00,168.00,170.00,0.59,"35,565.00","6,015,017.00"
586,586,2018-11-13,170.00,172.00,167.00,169.00,1.20,"19,757.00","3,350,916.00"
587,587,2018-11-12,168.00,169.00,166.00,167.00,-1.18,"22,136.00","3,691,862.00"
588,588,2018-11-11,171.00,171.00,168.00,169.00,-1.17,"6,710.00","1,136,170.00"
589,589,2018-11-06,171.00,173.00,169.00,171.00,0.00,"8,110.00","1,392,190.00"
590,590,2018-11-05,167.00,172.00,167.00,171.00,1.18,"12,037.00","2,053,365.00"
591,591,2018-11-04,169.00,170.00,167.00,169.00,-0.59,"12,369.00","2,086,472.00"
592,592,2018-11-01,167.00,170.00,167.00,170.00,0.00,"13,871.00","2,353,271.00"
593,593,2018-10-31,171.00,171.00,169.00,170.00,-0.58,"40,117.00","6,805,991.00"
594,594,2018-10-30,168.00,171.00,168.00,171.00,1.79,"22,233.00","3,773,809.00"
595,595,2018-10-29,169.00,170.00,167.00,168.00,-1.18,"26,203.00","4,409,683.00"
596,596,2018-10-28,171.00,173.00,169.00,170.00,-1.73,"49,644.00","8,441,777.00"
597,597,2018-10-25,176.00,176.00,173.00,173.00,-1.14,"35,146.00","6,120,525.00"
598,598,2018-10-24,174.00,175.00,173.00,175.00,0.00,"15,080.00","2,623,516.00"
599,599,2018-10-23,176.00,177.00,174.00,175.00,-0.57,"15,308.00","2,670,405.00"
600,600,2018-10-22,177.00,177.00,174.00,176.00,-0.56,"30,888.00","5,426,461.00"
601,601,2018-10-21,173.00,177.00,173.00,177.00,1.72,"50,230.00","8,803,588.00"
602,602,2018-10-15,178.00,178.00,172.00,174.00,-0.57,"40,770.00","7,100,157.00"
603,603,2018-10-14,169.00,176.00,169.00,175.00,2.34,"44,146.00","7,646,896.00"
604,604,2018-10-11,168.00,171.00,168.00,171.00,1.18,"35,703.00","6,047,865.00"
605,605,2018-10-10,169.00,169.00,166.00,169.00,0.60,"34,815.00","5,861,288.00"
606,606,2018-10-09,170.00,173.00,168.00,168.00,-0.59,"35,260.00","5,985,164.00"
607,607,2018-10-08,165.00,169.00,165.00,169.00,2.42,"34,820.00","5,852,934.00"
608,608,2018-10-07,170.00,170.00,165.00,165.00,-4.07,"65,816.00","11,044,355.00"
609,609,2018-10-04,171.00,173.00,169.00,172.00,-0.58,"62,785.00","10,684,192.00"
610,610,2018-10-03,172.00,174.00,169.00,173.00,0.58,"37,096.00","6,350,341.00"
611,611,2018-10-02,170.00,175.00,170.00,172.00,-0.58,"43,287.00","7,485,047.00"
612,612,2018-10-01,177.00,179.00,171.00,173.00,-2.26,"65,143.00","11,294,407.00"
613,613,2018-09-30,179.00,181.00,175.00,177.00,-1.12,"58,474.00","10,374,636.00"
614,614,2018-09-27,180.00,184.00,178.00,179.00,-2.19,"84,907.00","15,358,631.00"
615,615,2018-09-26,180.00,188.00,176.00,183.00,2.23,"269,139.00","48,855,312.00"
616,616,2018-09-25,172.00,182.00,170.00,179.00,5.33,"163,177.00","28,714,420.00"
617,617,2018-09-23,170.00,171.00,167.00,169.00,-0.59,"51,852.00","8,762,961.00"
618,618,2018-09-20,165.00,171.00,165.00,170.00,1.80,"57,627.00","9,757,444.00"
619,619,2018-09-18,169.00,169.00,164.00,167.00,0.00,"59,210.00","9,862,734.00"
620,620,2018-09-17,167.00,171.00,165.00,167.00,0.60,"74,906.00","12,516,731.00"
621,621,2018-09-16,163.00,173.00,162.00,166.00,3.75,"173,720.00","28,855,544.00"
622,622,2018-09-13,159.00,165.00,157.00,160.00,1.27,"49,273.00","7,836,328.00"
623,623,2018-09-12,156.00,158.00,155.00,158.00,1.28,"27,928.00","4,353,550.00"
624,624,2018-09-11,153.00,157.00,153.00,156.00,1.30,"19,449.00","3,032,945.00"
625,625,2018-09-10,155.00,157.00,153.00,154.00,-1.91,"15,358.00","2,376,531.00"
626,626,2018-09-09,156.00,157.00,155.00,157.00,0.00,"21,321.00","3,324,495.00"
627,627,2018-09-06,160.00,160.00,155.00,157.00,-1.26,"62,255.00","9,858,270.00"
628,628,2018-09-05,155.00,162.00,155.00,159.00,2.58,"58,565.00","9,303,004.00"
629,629,2018-09-04,151.00,158.00,150.00,155.00,3.33,"97,475.00","15,070,094.00"
630,630,2018-09-03,152.00,154.00,150.00,150.00,0.00,"56,016.00","8,519,818.00"
631,631,2018-09-02,148.00,150.00,148.00,150.00,1.35,"34,398.00","5,145,038.00"
632,632,2018-08-30,147.00,148.00,146.00,148.00,0.00,"13,077.00","1,918,630.00"
633,633,2018-08-29,148.00,148.00,146.00,148.00,0.00,"12,696.00","1,856,693.00"
634,634,2018-08-28,146.00,148.00,146.00,148.00,0.68,"5,628.00","829,601.00"
635,635,2018-08-26,148.00,149.00,147.00,147.00,-0.68,"9,541.00","1,409,304.00"
636,636,2018-08-23,149.00,149.00,147.00,148.00,0.68,"19,473.00","2,874,744.00"
637,637,2018-08-22,150.00,150.00,146.00,147.00,-0.68,"84,896.00","12,435,359.00"
638,638,2018-08-21,149.00,150.00,148.00,148.00,-0.67,"4,426.00","656,443.00"
639,639,2018-08-20,149.00,149.00,148.00,149.00,0.68,"7,101.00","1,053,874.00"
640,640,2018-08-19,152.00,152.00,148.00,148.00,-1.99,"19,456.00","2,898,799.00"
641,641,2018-08-16,153.00,153.00,148.00,151.00,0.00,"37,776.00","5,685,002.00"
642,642,2018-08-15,149.00,153.00,148.00,151.00,1.34,"20,491.00","3,076,586.00"
643,643,2018-08-14,150.00,150.00,147.00,149.00,0.68,"8,369.00","1,238,837.00"
644,644,2018-08-13,149.00,149.00,146.00,148.00,0.00,"7,022.00","1,036,705.00"
645,645,2018-08-12,148.00,148.00,146.00,148.00,-0.67,"28,291.00","4,145,036.00"
646,646,2018-08-09,150.00,150.00,147.00,149.00,0.68,"12,410.00","1,842,323.00"
647,647,2018-08-08,148.00,150.00,148.00,148.00,-0.67,"6,742.00","1,000,823.00"
648,648,2018-08-07,148.00,150.00,148.00,149.00,0.68,"5,249.00","779,258.00"
649,649,2018-08-06,150.00,150.00,147.00,148.00,0.00,"12,463.00","1,847,201.00"
650,650,2018-08-05,149.00,150.00,148.00,148.00,-0.67,"17,727.00","2,642,502.00"
651,651,2018-08-02,148.00,149.00,147.00,149.00,0.68,"18,583.00","2,765,729.00"
652,652,2018-08-01,147.00,149.00,147.00,148.00,0.00,"12,715.00","1,876,770.00"
653,653,2018-07-31,149.00,149.00,147.00,148.00,-0.67,"8,917.00","1,323,014.00"
654,654,2018-07-30,147.00,150.00,147.00,149.00,0.00,"8,890.00","1,317,068.00"
655,655,2018-07-29,149.00,151.00,148.00,149.00,-0.67,"17,687.00","2,629,716.00"
656,656,2018-07-26,150.00,150.00,147.00,150.00,1.35,"14,879.00","2,193,031.00"
657,657,2018-07-25,150.00,151.00,148.00,148.00,-0.67,"7,181.00","1,070,700.00"
658,658,2018-07-24,150.00,154.00,148.00,149.00,0.00,"39,823.00","6,003,082.00"
659,659,2018-07-23,148.00,150.00,147.00,149.00,0.68,"11,215.00","1,660,245.00"
660,660,2018-07-22,148.00,148.00,146.00,148.00,0.00,"13,959.00","2,052,585.00"
661,661,2018-07-19,151.00,151.00,147.00,148.00,-1.33,"23,043.00","3,412,839.00"
662,662,2018-07-18,148.00,151.00,145.00,150.00,0.00,"9,122.00","1,349,558.00"
663,663,2018-07-17,152.00,152.00,150.00,150.00,-1.96,"21,291.00","3,196,985.00"
664,664,2018-07-16,149.00,154.00,149.00,153.00,2.68,"22,930.00","3,480,860.00"
665,665,2018-07-15,146.00,150.00,146.00,149.00,0.68,"18,227.00","2,719,568.00"
666,666,2018-07-12,150.00,150.00,146.00,148.00,-0.67,"17,699.00","2,608,381.00"
667,667,2018-07-11,149.00,152.00,148.00,149.00,0.00,"29,464.00","4,419,726.00"
668,668,2018-07-10,148.00,151.00,148.00,149.00,0.68,"20,820.00","3,131,383.00"
669,669,2018-07-09,152.00,152.00,148.00,148.00,-1.99,"25,208.00","3,759,008.00"
670,670,2018-07-08,156.00,156.00,151.00,151.00,-1.31,"24,576.00","3,734,831.00"
671,671,2018-07-05,149.00,153.00,147.00,153.00,4.08,"24,102.00","3,622,201.00"
672,672,2018-07-04,147.00,151.00,146.00,147.00,0.00,"33,706.00","5,004,485.00"
673,673,2018-07-03,144.00,149.00,144.00,147.00,2.08,"26,201.00","3,850,690.00"
674,674,2018-07-02,145.00,148.00,141.00,144.00,-2.04,"18,716.00","2,710,054.00"
675,675,2018-07-01,147.00,149.00,147.00,147.00,-2.00,"23,902.00","3,524,414.00"
676,676,2018-06-28,152.00,152.00,148.00,150.00,0.00,"22,364.00","3,341,314.00"
677,677,2018-06-27,148.00,151.00,148.00,150.00,0.00,"15,695.00","2,346,555.00"
678,678,2018-06-26,149.00,150.00,148.00,150.00,-0.66,"22,359.00","3,330,497.00"
679,679,2018-06-25,151.00,152.00,150.00,151.00,-0.66,"30,977.00","4,659,867.00"
680,680,2018-06-24,156.00,156.00,151.00,152.00,-0.65,"29,464.00","4,491,436.00"
681,681,2018-06-21,151.00,154.00,150.00,153.00,0.66,"12,271.00","1,867,798.00"
682,682,2018-06-20,151.00,154.00,151.00,152.00,0.66,"29,029.00","4,418,504.00"
683,683,2018-06-19,152.00,153.00,150.00,151.00,-0.66,"15,249.00","2,305,909.00"
684,684,2018-06-18,152.00,152.00,146.00,152.00,0.66,"14,636.00","2,195,041.00"
685,685,2018-06-17,153.00,154.00,151.00,151.00,-1.95,"51,643.00","7,833,732.00"
686,686,2018-06-14,153.00,156.00,150.00,154.00,0.65,"52,715.00","8,052,326.00"
687,687,2018-06-13,153.00,153.00,151.00,153.00,-0.65,"34,399.00","5,232,817.00"
688,688,2018-06-12,151.00,155.00,150.00,154.00,1.99,"54,707.00","8,290,353.00"
689,689,2018-06-11,154.00,156.00,148.00,151.00,0.00,"115,128.00","17,348,832.00"
690,690,2018-06-10,157.00,157.00,150.00,151.00,-3.21,"109,295.00","16,601,223.00"
691,691,2018-06-07,162.00,162.00,156.00,156.00,-4.29,"90,539.00","14,334,238.00"
692,692,2018-06-06,162.00,168.00,162.00,163.00,2.52,"35,530.00","5,833,868.00"
693,693,2018-06-04,160.00,162.00,158.00,159.00,-2.45,"33,969.00","5,410,950.00"
694,694,2018-06-03,164.00,164.00,159.00,163.00,-1.81,"26,868.00","4,323,773.00"
695,695,2018-05-31,165.00,166.00,163.00,166.00,-0.60,"19,821.00","3,234,768.00"
696,696,2018-05-30,170.00,170.00,164.00,167.00,-0.60,"18,754.00","3,124,993.00"
697,697,2018-05-29,166.00,169.00,164.00,168.00,0.00,"18,183.00","3,005,348.00"
698,698,2018-05-28,162.00,168.00,160.00,168.00,3.07,"23,298.00","3,810,947.00"
699,699,2018-05-27,164.00,166.00,161.00,163.00,-2.40,"10,875.00","1,778,683.00"
700,700,2018-05-24,163.00,170.00,163.00,167.00,1.83,"31,085.00","5,176,640.00"
701,701,2018-05-23,162.00,164.00,161.00,164.00,-0.61,"9,104.00","1,477,801.00"
702,702,2018-05-22,165.00,165.00,162.00,165.00,0.00,"5,322.00","868,847.00"
703,703,2018-05-21,165.00,165.00,162.00,165.00,1.23,"6,486.00","1,059,189.00"
704,704,2018-05-20,167.00,169.00,163.00,163.00,-1.81,"15,129.00","2,491,847.00"
705,705,2018-05-17,166.00,169.00,162.00,166.00,-0.60,"9,444.00","1,559,387.00"
706,706,2018-05-16,167.00,167.00,164.00,167.00,1.83,"12,225.00","2,026,604.00"
707,707,2018-05-15,165.00,166.00,164.00,164.00,-2.38,"4,540.00","749,090.00"
708,708,2018-05-14,169.00,169.00,163.00,168.00,1.20,"11,219.00","1,844,083.00"
709,709,2018-05-10,170.00,170.00,165.00,166.00,-1.78,"9,795.00","1,629,767.00"
710,710,2018-05-09,168.00,169.00,165.00,169.00,0.60,"24,030.00","3,999,308.00"
711,711,2018-05-08,165.00,168.00,161.00,168.00,1.82,"577,886.00","93,100,944.00"
712,712,2018-05-07,166.00,166.00,164.00,165.00,-1.20,"13,817.00","2,269,524.00"
713,713,2018-05-06,165.00,167.00,163.00,167.00,0.60,"12,445.00","2,046,103.00"
714,714,2018-05-03,163.00,171.00,163.00,166.00,0.00,"26,572.00","4,453,757.00"
715,715,2018-05-02,163.00,166.00,162.00,166.00,0.61,"15,976.00","2,623,390.00"
716,716,2018-04-29,166.00,167.00,162.00,165.00,1.23,"51,078.00","8,359,313.00"
717,717,2018-04-26,170.00,170.00,163.00,163.00,-2.98,"20,271.00","3,350,296.00"
718,718,2018-04-25,169.00,173.00,165.00,168.00,-0.59,"35,196.00","5,885,276.00"
719,719,2018-04-24,167.00,174.00,162.00,169.00,1.81,"71,241.00","12,129,059.00"
720,720,2018-04-23,173.00,176.00,164.00,166.00,-2.35,"66,822.00","11,350,020.00"
721,721,2018-04-22,168.00,173.00,167.00,170.00,3.03,"60,028.00","10,214,406.00"
722,722,2018-04-19,161.00,167.00,155.00,165.00,4.43,"120,801.00","19,294,532.00"
723,723,2018-04-18,155.00,170.00,155.00,158.00,1.94,"41,903.00","6,697,363.00"
724,724,2018-04-17,152.00,160.00,152.00,155.00,0.65,"27,794.00","4,368,315.00"
725,725,2018-04-16,156.00,156.00,152.00,154.00,-0.65,"33,809.00","5,219,064.00"
726,726,2018-04-15,150.00,155.00,149.00,155.00,2.65,"10,729.00","1,637,341.00"
727,727,2018-04-12,155.00,156.00,151.00,151.00,-0.66,"10,287.00","1,572,057.00"
728,728,2018-04-11,154.00,155.00,150.00,152.00,0.00,"3,328.00","505,692.00"
729,729,2018-04-10,152.00,157.00,151.00,152.00,-1.94,"9,022.00","1,378,202.00"
730,730,2018-04-09,161.00,164.00,155.00,155.00,-1.90,"24,757.00","3,911,127.00"
731,731,2018-04-08,152.00,160.00,150.00,158.00,3.95,"52,278.00","8,089,184.00"
732,732,2018-04-05,150.00,152.00,147.00,152.00,2.01,"33,501.00","5,022,728.00"
733,733,2018-04-04,146.00,149.00,144.00,149.00,2.76,"14,250.00","2,100,540.00"
734,734,2018-04-03,143.00,147.00,143.00,145.00,0.00,"10,713.00","1,554,231.00"
735,735,2018-04-02,145.00,145.00,142.00,145.00,0.00,"11,461.00","1,647,661.00"
736,736,2018-04-01,147.00,147.00,142.00,145.00,-0.68,"6,784.00","981,938.00"
737,737,2018-03-29,144.00,148.00,144.00,146.00,1.39,"20,561.00","2,997,229.00"
738,738,2018-03-28,147.00,149.00,142.00,144.00,-0.69,"25,921.00","3,763,620.00"
739,739,2018-03-27,139.00,147.00,136.00,145.00,3.57,"21,454.00","3,032,038.00"
740,740,2018-03-26,144.00,144.00,137.00,140.00,-2.10,"27,189.00","3,792,068.00"
741,741,2018-03-22,145.00,147.00,142.00,143.00,-0.69,"33,895.00","4,887,146.00"
742,742,2018-03-21,150.00,150.00,143.00,144.00,-2.70,"35,159.00","5,089,609.00"
743,743,2018-03-20,148.00,150.00,147.00,148.00,-1.33,"23,714.00","3,514,831.00"
744,744,2018-03-19,155.00,154.00,149.00,150.00,-1.96,"23,360.00","3,519,843.00"
745,745,2018-03-18,154.00,154.00,150.00,153.00,-0.65,"15,302.00","2,319,349.00"
746,746,2018-03-15,152.00,158.00,152.00,154.00,0.65,"13,443.00","2,059,561.00"
747,747,2018-03-14,152.00,153.00,150.00,153.00,0.00,"11,888.00","1,804,471.00"
748,748,2018-03-13,150.00,153.00,150.00,153.00,2.68,"9,320.00","1,404,471.00"
749,749,2018-03-12,150.00,153.00,149.00,149.00,-0.67,"15,881.00","2,385,066.00"
750,750,2018-03-11,156.00,156.00,150.00,150.00,-4.46,"20,422.00","3,099,467.00"
751,751,2018-03-07,156.00,159.00,153.00,157.00,1.29,"28,242.00","4,417,102.00"
752,752,2018-03-06,151.00,156.00,150.00,155.00,3.33,"19,728.00","2,997,997.00"
753,753,2018-03-05,158.00,158.00,149.00,150.00,-3.23,"45,553.00","6,902,411.00"
754,754,2018-03-04,160.00,160.00,152.00,155.00,-3.73,"29,777.00","4,600,325.00"
755,755,2018-02-28,171.00,171.00,159.00,161.00,-5.85,"96,432.00","15,673,197.00"
756,756,2018-02-27,171.00,174.00,171.00,171.00,0.00,"9,817.00","1,681,811.00"
757,757,2018-02-26,171.00,174.00,171.00,171.00,-1.16,"7,236.00","1,243,346.00"
758,758,2018-02-25,172.00,176.00,171.00,173.00,0.00,"5,719.00","990,953.00"
759,759,2018-02-22,174.00,175.00,171.00,173.00,0.00,"16,582.00","2,881,295.00"
760,760,2018-02-21,173.00,174.00,171.00,173.00,1.17,"4,334.00","744,624.00"
761,761,2018-02-20,178.00,180.00,171.00,171.00,-2.29,"18,979.00","3,300,070.00"
762,762,2018-02-18,179.00,182.00,175.00,175.00,-2.23,"31,438.00","5,597,218.00"
763,763,2018-02-15,175.00,182.00,174.00,179.00,0.00,"37,638.00","6,700,126.00"
764,764,2018-02-14,172.00,175.00,171.00,175.00,0.00,"13,861.00","2,382,407.00"
765,765,2018-02-12,174.00,173.00,171.00,172.00,0.00,"10,436.00","1,795,090.00"
766,766,2018-02-11,174.00,175.00,172.00,174.00,0.00,"3,683.00","638,652.00"
767,767,2018-02-08,174.00,175.00,168.00,174.00,0.00,"62,891.00","10,711,611.00"
768,768,2018-02-07,175.00,176.00,172.00,174.00,0.00,"58,854.00","10,187,134.00"
769,769,2018-02-06,177.00,177.00,175.00,175.00,0.00,"37,613.00","6,653,233.00"
770,770,2018-02-05,179.00,179.00,173.00,177.00,0.00,"43,791.00","7,615,121.00"
771,771,2018-02-04,179.00,179.00,176.00,179.00,0.00,"5,913.00","1,049,800.00"
772,772,2018-02-01,179.00,179.00,177.00,179.00,0.00,"8,424.00","1,501,878.00"
773,773,2018-01-31,179.00,180.00,177.00,179.00,0.00,"5,679.00","1,013,958.00"
774,774,2018-01-29,177.00,183.00,176.00,179.00,0.00,"4,207.00","748,476.00"
775,775,2018-01-28,176.00,178.00,176.00,177.00,0.00,"5,907.00","1,041,961.00"
776,776,2018-01-25,179.00,180.00,176.00,176.00,0.00,"6,992.00","1,241,844.00"
777,777,2018-01-24,177.00,180.00,175.00,179.00,0.00,"10,111.00","1,799,444.00"
778,778,2018-01-23,175.00,179.00,175.00,177.00,0.00,"5,454.00","966,522.00"
779,779,2018-01-22,179.00,181.00,175.00,175.00,0.00,"6,412.00","1,130,159.00"
780,780,2018-01-21,178.00,179.00,176.00,179.00,0.00,"16,314.00","2,896,155.00"
781,781,2018-01-17,179.00,179.00,177.00,178.00,0.00,"14,323.00","2,556,272.00"
782,782,2018-01-16,180.00,180.00,177.00,179.00,0.00,"16,357.00","2,923,092.00"
783,783,2018-01-14,185.00,184.00,179.00,180.00,0.00,"19,920.00","3,600,292.00"
784,784,2018-01-10,185.00,187.00,183.00,185.00,0.00,"10,865.00","2,007,755.00"
785,785,2018-01-09,183.00,187.00,183.00,185.00,0.00,"25,220.00","4,663,600.00"
786,786,2018-01-08,180.00,187.00,180.00,183.00,0.00,"30,785.00","5,644,511.00"
787,787,2018-01-07,181.00,184.00,179.00,180.00,0.00,"6,741.00","1,219,798.00"
788,788,2018-01-04,180.00,181.00,178.00,181.00,0.00,"11,095.00","1,990,125.00"
789,789,2018-01-03,182.00,185.00,180.00,180.00,0.00,"19,788.00","3,586,499.00"
790,790,2018-01-02,182.00,187.00,180.00,182.00,0.00,"20,365.00","3,730,249.00"
791,791,2018-01-01,178.00,184.00,178.00,182.00,0.00,"13,393.00","2,420,172.00"
792,792,2017-12-31,182.00,180.00,177.00,178.00,0.00,"21,690.00","3,871,565.00"
793,793,2017-12-28,183.00,184.00,177.00,182.00,0.00,"17,365.00","3,139,100.00"
794,794,2017-12-27,185.00,185.00,179.00,183.00,0.00,"22,663.00","4,128,666.00"
795,795,2017-12-26,187.00,190.00,185.00,185.00,0.00,"16,919.00","3,146,086.00"
796,796,2017-12-24,191.00,192.00,187.00,187.00,0.00,"15,055.00","2,860,556.00"
797,797,2017-12-21,191.00,192.00,188.00,191.00,0.00,"19,873.00","3,773,809.00"
798,798,2017-12-20,190.00,193.00,189.00,191.00,0.00,"19,814.00","3,773,120.00"
799,799,2017-12-19,195.00,193.00,190.00,190.00,0.00,"17,577.00","3,362,916.00"
800,800,2017-12-18,190.00,195.00,191.00,195.00,0.00,"11,935.00","2,293,999.00"
801,801,2017-12-17,194.00,194.00,190.00,190.00,0.00,"6,812.00","1,304,915.00"
802,802,2017-12-14,195.00,196.00,192.00,194.00,0.00,"12,818.00","2,472,852.00"
803,803,2017-12-13,193.00,195.00,191.00,195.00,0.00,"17,090.00","3,303,986.00"
804,804,2017-12-12,195.00,195.00,192.00,193.00,0.00,"10,544.00","2,040,031.00"
805,805,2017-12-11,196.00,197.00,195.00,195.00,0.00,"9,928.00","1,941,494.00"
806,806,2017-12-10,196.00,200.00,195.00,196.00,0.00,"18,294.00","3,589,052.00"
807,807,2017-12-06,196.00,198.00,195.00,196.00,0.00,"19,639.00","3,853,621.00"
808,808,2017-12-05,194.00,196.00,192.00,196.00,0.00,"19,250.00","3,731,762.00"
809,809,2017-12-04,195.00,198.00,194.00,194.00,0.00,"6,140.00","1,197,676.00"
810,810,2017-11-30,198.00,198.00,194.00,195.00,0.00,"20,231.00","3,953,803.00"
811,811,2017-11-29,197.00,200.00,195.00,198.00,0.00,"17,219.00","3,389,862.00"
812,812,2017-11-28,197.00,197.00,193.00,197.00,0.00,"12,391.00","2,422,488.00"
813,813,2017-11-27,198.00,198.00,195.00,197.00,0.00,"23,953.00","4,710,352.00"
814,814,2017-11-26,196.00,198.00,195.00,198.00,0.00,"12,654.00","2,486,467.00"
815,815,2017-11-23,192.00,198.00,193.00,196.00,0.00,"31,096.00","6,074,605.00"
816,816,2017-11-22,189.00,193.00,186.00,192.00,0.00,"33,346.00","6,368,740.00"
817,817,2017-11-21,191.00,192.00,182.00,189.00,0.00,"29,954.00","5,659,348.00"
818,818,2017-11-20,227.00,231.00,225.00,227.00,0.00,"112,036.00","25,352,904.00"
819,819,2017-11-19,234.00,235.00,226.00,227.00,0.00,"65,984.00","15,012,062.00"
820,820,2017-11-16,239.00,241.00,234.00,234.00,0.00,"33,870.00","7,973,507.00"
821,821,2017-11-15,240.00,245.00,235.00,239.00,0.00,"54,102.00","12,920,518.00"
822,822,2017-11-14,236.00,242.00,234.00,240.00,0.00,"64,059.00","15,253,061.00"
823,823,2017-11-13,231.00,236.00,230.00,236.00,0.00,"37,107.00","8,656,971.00"
824,824,2017-11-12,229.00,232.00,227.00,231.00,0.00,"14,653.00","3,367,213.00"
825,825,2017-11-09,228.00,231.00,226.00,229.00,0.00,"14,017.00","3,210,311.00"
826,826,2017-11-08,230.00,230.00,227.00,228.00,0.00,"13,660.00","3,124,899.00"
827,827,2017-11-07,230.00,235.00,230.00,230.00,0.00,"25,715.00","5,951,660.00"
828,828,2017-11-06,227.00,234.00,225.00,230.00,0.00,"82,661.00","18,844,356.00"
829,829,2017-11-05,233.00,232.00,226.00,227.00,0.00,"24,227.00","5,542,994.00"
830,830,2017-11-02,235.00,235.00,231.00,233.00,0.00,"13,856.00","3,230,306.00"
831,831,2017-11-01,233.00,236.00,231.00,235.00,0.00,"11,443.00","2,682,965.00"
832,832,2017-10-31,235.00,238.00,233.00,233.00,0.00,"14,653.00","3,434,336.00"
833,833,2017-10-30,232.00,239.00,233.00,235.00,0.00,"18,167.00","4,269,412.00"
834,834,2017-10-29,237.00,239.00,232.00,232.00,0.00,"20,502.00","4,812,372.00"
835,835,2017-10-25,240.00,244.00,236.00,237.00,0.00,"18,813.00","4,489,590.00"
836,836,2017-10-24,243.00,243.00,239.00,240.00,0.00,"12,299.00","2,960,490.00"
837,837,2017-10-23,242.00,245.00,240.00,243.00,0.00,"11,639.00","2,814,834.00"
838,838,2017-10-22,240.00,250.00,238.00,242.00,0.00,"44,153.00","10,740,125.00"
839,839,2017-10-18,232.00,245.00,229.00,240.00,0.00,"53,438.00","12,642,700.00"
840,840,2017-10-17,239.00,240.00,231.00,232.00,0.00,"20,135.00","4,717,295.00"
841,841,2017-10-16,230.00,239.00,228.00,239.00,0.00,"16,125.00","3,757,789.00"
842,842,2017-10-15,225.00,230.00,223.00,230.00,0.00,"4,561.00","1,026,629.00"
843,843,2017-10-12,227.00,229.00,225.00,225.00,0.00,"8,195.00","1,853,690.00"
844,844,2017-10-11,223.00,227.00,222.00,227.00,0.00,"9,390.00","2,116,444.00"
845,845,2017-10-10,226.00,227.00,222.00,223.00,0.00,"8,470.00","1,894,366.00"
846,846,2017-10-09,227.00,226.00,221.00,226.00,0.00,"5,263.00","1,178,025.00"
847,847,2017-10-08,227.00,227.00,219.00,227.00,0.00,"45,784.00","10,087,260.00"
848,848,2017-10-04,233.00,237.00,227.00,227.00,0.00,"16,356.00","3,759,622.00"
849,849,2017-10-03,230.00,233.00,225.00,233.00,0.00,"3,778.00","871,666.00"
850,850,2017-09-26,230.00,234.00,227.00,230.00,0.00,"11,710.00","2,709,725.00"
851,851,2017-09-25,229.00,230.00,226.00,230.00,0.00,"7,179.00","1,635,200.00"
852,852,2017-09-24,226.00,229.00,223.00,229.00,0.00,"19,840.00","4,480,958.00"
853,853,2017-09-20,227.00,230.00,225.00,226.00,0.00,"7,370.00","1,669,842.00"
854,854,2017-09-18,230.00,231.00,226.00,227.00,0.00,"14,169.00","3,236,631.00"
855,855,2017-09-17,230.00,234.00,222.00,230.00,0.00,"9,318.00","2,130,570.00"
856,856,2017-09-14,221.00,230.00,220.00,230.00,0.00,"25,084.00","5,653,293.00"
857,857,2017-09-13,224.00,224.00,220.00,221.00,0.00,"34,007.00","7,523,063.00"
858,858,2017-09-12,223.00,225.00,220.00,224.00,0.00,"25,554.00","5,700,932.00"
859,859,2017-09-11,225.00,227.00,221.00,223.00,0.00,"26,627.00","5,951,751.00"
860,860,2017-09-10,230.00,228.00,223.00,225.00,0.00,"45,670.00","10,296,698.00"
861,861,2017-09-07,232.00,235.00,229.00,230.00,0.00,"38,379.00","8,826,456.00"
862,862,2017-09-06,230.00,237.00,229.00,232.00,0.00,"33,292.00","7,699,268.00"
863,863,2017-09-04,237.00,237.00,227.00,230.00,0.00,"36,778.00","8,530,050.00"
864,864,2017-08-31,238.00,240.00,234.00,237.00,0.00,"16,171.00","3,808,215.00"
865,865,2017-08-30,240.00,241.00,235.00,238.00,0.00,"29,026.00","6,891,750.00"
866,866,2017-08-28,240.00,243.00,232.00,240.00,0.00,"19,048.00","4,540,584.00"
867,867,2017-08-27,242.00,245.00,239.00,240.00,0.00,"19,132.00","4,618,007.00"
868,868,2017-08-24,241.00,245.00,239.00,242.00,0.00,"16,976.00","3,917,777.00"
869,869,2017-08-23,241.00,245.00,239.00,241.00,0.00,"20,015.00","4,818,574.00"
870,870,2017-08-22,243.00,245.00,236.00,241.00,0.00,"15,904.00","3,839,066.00"
871,871,2017-08-21,244.00,246.00,240.00,243.00,0.00,"10,451.00","2,546,638.00"
872,872,2017-08-20,250.00,250.00,244.00,244.00,0.00,"24,252.00","5,947,362.00"
873,873,2017-08-17,252.00,252.00,247.00,250.00,0.00,"16,448.00","4,082,220.00"
874,874,2017-08-16,247.00,254.00,245.00,252.00,0.00,"17,526.00","4,404,871.00"
875,875,2017-08-15,248.00,250.00,244.00,247.00,0.00,"17,303.00","4,286,844.00"
876,876,2017-08-13,249.00,253.00,246.00,248.00,0.00,"11,322.00","2,826,155.00"
877,877,2017-08-10,250.00,255.00,247.00,249.00,0.00,"25,351.00","6,319,630.00"
878,878,2017-08-09,253.00,254.00,249.00,250.00,0.00,"8,868.00","2,224,602.00"
879,879,2017-08-07,253.00,256.00,252.00,253.00,0.00,"11,606.00","2,940,146.00"
880,880,2017-08-06,253.00,258.00,251.00,253.00,0.00,"23,399.00","5,979,463.00"
881,881,2017-08-03,255.00,260.00,253.00,253.00,0.00,"34,046.00","8,678,312.00"
882,882,2017-08-02,256.00,258.00,253.00,255.00,0.00,"21,095.00","5,386,345.00"
883,883,2017-08-01,257.00,260.00,254.00,256.00,0.00,"19,548.00","5,024,952.00"
884,884,2017-07-31,250.00,257.00,250.00,257.00,0.00,"25,079.00","6,377,007.00"
885,885,2017-07-30,253.00,259.00,250.00,250.00,0.00,"21,239.00","5,358,690.00"
886,886,2017-07-27,255.00,258.00,252.00,253.00,0.00,"17,659.00","4,486,441.00"
887,887,2017-07-26,259.00,269.00,255.00,255.00,0.00,"23,741.00","6,091,693.00"
888,888,2017-07-25,258.00,263.00,256.00,259.00,0.00,"24,720.00","6,387,786.00"
889,889,2017-07-24,264.00,269.00,258.00,258.00,0.00,"25,842.00","6,724,840.00"
890,890,2017-07-23,260.00,264.00,257.00,264.00,0.00,"34,220.00","8,893,991.00"
891,891,2017-07-20,264.00,264.00,260.00,260.00,0.00,"28,451.00","7,435,069.00"
892,892,2017-07-19,270.00,272.00,261.00,264.00,0.00,"48,181.00","12,793,473.00"
893,893,2017-07-18,260.00,270.00,259.00,270.00,0.00,"55,447.00","14,688,982.00"
894,894,2017-07-17,248.00,260.00,248.00,260.00,0.00,"59,578.00","15,142,165.00"
895,895,2017-07-16,246.00,248.00,242.00,248.00,0.00,"6,647.00","1,624,219.00"
896,896,2017-07-13,244.00,246.00,240.00,246.00,0.00,"11,574.00","2,813,171.00"
897,897,2017-07-12,241.00,245.00,240.00,244.00,0.00,"17,112.00","4,149,550.00"
898,898,2017-07-11,240.00,245.00,239.00,241.00,0.00,"21,568.00","5,209,492.00"
899,899,2017-07-10,247.00,245.00,239.00,240.00,0.00,"36,214.00","8,730,623.00"
900,900,2017-07-09,246.00,250.00,240.00,247.00,0.00,"29,717.00","7,305,460.00"
901,901,2017-07-06,240.00,247.00,235.00,246.00,0.00,"45,859.00","10,980,228.00"
902,902,2017-07-05,235.00,240.00,234.00,240.00,0.00,"11,012.00","2,607,634.00"
903,903,2017-07-04,237.00,240.00,235.00,235.00,0.00,"6,249.00","1,477,012.00"
904,904,2017-07-03,237.00,240.00,235.00,237.00,0.00,"13,030.00","3,081,914.00"
905,905,2017-07-02,240.00,242.00,236.00,237.00,0.00,"10,842.00","2,579,541.00"
906,906,2017-06-28,240.00,241.00,236.00,240.00,0.00,"13,168.00","3,154,256.00"
907,907,2017-06-27,247.00,247.00,240.00,240.00,0.00,"19,696.00","4,769,521.00"
908,908,2017-06-25,241.00,247.00,240.00,247.00,0.00,"11,337.00","2,745,588.00"
909,909,2017-06-22,240.00,246.00,240.00,241.00,0.00,"8,541.00","2,065,750.00"
910,910,2017-06-21,236.00,240.00,234.00,240.00,0.00,"11,083.00","2,634,317.00"
911,911,2017-06-20,237.00,242.00,235.00,236.00,0.00,"14,093.00","3,352,485.00"
912,912,2017-06-19,242.00,240.00,235.00,237.00,0.00,"22,494.00","5,368,723.00"
913,913,2017-06-18,248.00,250.00,240.00,242.00,0.00,"17,095.00","4,148,362.00"
914,914,2017-06-15,251.00,254.00,246.00,248.00,0.00,"13,950.00","3,479,607.00"
915,915,2017-06-14,248.00,251.00,245.00,251.00,0.00,"42,066.00","10,400,292.00"
916,916,2017-06-13,247.00,250.00,247.00,248.00,0.00,"16,019.00","3,984,184.00"
917,917,2017-06-12,247.00,260.00,241.00,247.00,0.00,"12,154.00","3,029,356.00"
918,918,2017-06-11,249.00,254.00,245.00,247.00,0.00,"31,252.00","7,788,604.00"
919,919,2017-06-08,251.00,251.00,249.00,249.00,0.00,"42,455.00","10,615,254.00"
920,920,2017-06-07,253.00,261.00,249.00,251.00,0.00,"63,739.00","16,053,157.00"
921,921,2017-06-06,250.00,255.00,241.00,253.00,0.00,"298,407.00","72,664,712.00"
922,922,2017-06-05,248.00,252.00,248.00,250.00,0.00,"26,077.00","6,508,535.00"
923,923,2017-06-04,250.00,251.00,245.00,248.00,0.00,"21,339.00","5,274,038.00"
924,924,2017-06-01,253.00,253.00,249.00,250.00,0.00,"29,106.00","7,277,009.00"
925,925,2017-05-31,250.00,256.00,247.00,253.00,0.00,"20,620.00","5,167,672.00"
926,926,2017-05-30,252.00,255.00,249.00,250.00,0.00,"27,982.00","7,028,136.00"
927,927,2017-05-28,255.00,260.00,250.00,252.00,0.00,"37,516.00","9,464,155.00"
928,928,2017-05-24,256.00,258.00,251.00,255.00,0.00,"22,892.00","5,828,176.00"
929,929,2017-05-23,255.00,264.00,250.00,256.00,0.00,"14,697.00","3,749,391.00"
930,930,2017-05-22,258.00,257.00,253.00,255.00,0.00,"15,111.00","3,861,619.00"
931,931,2017-05-21,260.00,268.00,255.00,258.00,0.00,"28,159.00","7,241,212.00"
932,932,2017-05-18,261.00,264.00,255.00,260.00,0.00,"24,857.00","6,397,244.00"
933,933,2017-05-17,258.00,267.00,258.00,261.00,0.00,"41,590.00","10,916,741.00"
934,934,2017-05-16,253.00,263.00,252.00,258.00,0.00,"41,672.00","10,717,572.00"
935,935,2017-05-15,258.00,258.00,252.00,253.00,0.00,"44,018.00","11,128,287.00"
936,936,2017-05-11,261.00,259.00,250.00,258.00,0.00,"55,352.00","14,109,512.00"
937,937,2017-05-09,259.00,262.00,254.00,261.00,0.00,"41,823.00","10,749,487.00"
938,938,2017-05-08,259.00,263.00,254.00,259.00,0.00,"86,513.00","22,096,376.00"
939,939,2017-05-07,260.00,261.00,255.00,259.00,0.00,"26,380.00","6,804,954.00"
940,940,2017-05-04,259.00,269.00,260.00,260.00,0.00,"22,273.00","5,837,876.00"
941,941,2017-05-03,271.00,276.00,266.00,266.00,0.00,"33,129.00","8,947,088.00"
942,942,2017-05-02,267.00,282.00,260.00,271.00,0.00,"54,027.00","14,521,043.00"
943,943,2017-04-30,275.00,280.00,265.00,267.00,0.00,"29,712.00","8,037,709.00"
944,944,2017-04-27,269.00,276.00,260.00,275.00,0.00,"38,179.00","10,403,854.00"
945,945,2017-04-26,275.00,275.00,269.00,269.00,0.00,"28,615.00","7,761,042.00"
946,946,2017-04-25,274.00,280.00,272.00,275.00,0.00,"27,809.00","7,703,251.00"
947,947,2017-04-24,276.00,281.00,270.00,274.00,0.00,"43,642.00","12,012,011.00"
948,948,2017-04-23,271.00,295.00,273.00,276.00,0.00,"51,747.00","14,416,105.00"
949,949,2017-04-20,273.00,280.00,267.00,271.00,0.00,"19,432.00","5,300,105.00"
950,950,2017-04-19,270.00,280.00,266.00,273.00,0.00,"36,761.00","9,950,395.00"
951,951,2017-04-18,269.00,270.00,260.00,270.00,0.00,"27,603.00","7,360,249.00"
952,952,2017-04-16,280.00,284.00,269.00,269.00,0.00,"65,455.00","17,996,528.00"
953,953,2017-04-13,282.00,289.00,279.00,280.00,0.00,"82,052.00","23,241,468.00"
954,954,2017-04-12,291.00,300.00,282.00,282.00,0.00,"100,139.00","29,002,888.00"
955,955,2017-04-11,277.00,296.00,280.00,291.00,0.00,"133,873.00","38,666,036.00"
956,956,2017-04-10,275.00,279.00,271.00,277.00,0.00,"47,701.00","13,149,082.00"
957,957,2017-04-09,277.00,285.00,274.00,275.00,0.00,"45,581.00","12,652,106.00"
958,958,2017-04-06,276.00,280.00,272.00,277.00,0.00,"52,909.00","14,591,115.00"
959,959,2017-04-04,280.00,293.00,270.00,276.00,0.00,"105,404.00","29,343,834.00"
960,960,2017-04-03,298.00,316.00,273.00,280.00,0.00,"125,295.00","36,197,872.00"
961,961,2017-04-02,273.00,300.00,268.00,298.00,0.00,"59,045.00","16,924,432.00"
962,962,2017-03-30,257.00,275.00,257.00,273.00,0.00,"128,469.00","34,450,444.00"
963,963,2017-03-29,256.00,281.00,257.00,257.00,0.00,"139,638.00","37,424,824.00"
964,964,2017-03-28,233.00,256.00,233.00,256.00,0.00,"88,561.00","22,422,936.00"
965,965,2017-03-26,226.00,238.00,221.00,233.00,0.00,"121,856.00","28,079,198.00"
966,966,2017-03-23,230.00,230.00,222.00,226.00,0.00,"45,797.00","10,325,216.00"
967,967,2017-03-22,230.00,244.00,224.00,230.00,0.00,"115,003.00","26,679,816.00"
968,968,2017-03-21,230.00,234.00,219.00,230.00,0.00,"72,318.00","16,275,666.00"
969,969,2017-03-20,217.00,236.00,220.00,230.00,0.00,"76,786.00","17,465,982.00"
970,970,2017-03-19,213.00,218.00,211.00,217.00,0.00,"21,029.00","4,511,438.00"
971,971,2017-03-16,212.00,216.00,211.00,213.00,0.00,"14,449.00","3,062,351.00"
972,972,2017-03-15,212.00,214.00,210.00,212.00,0.00,"8,122.00","1,718,404.00"
973,973,2017-03-14,215.00,215.00,211.00,212.00,0.00,"10,986.00","2,340,923.00"
974,974,2017-03-13,215.00,216.00,211.00,215.00,0.00,"7,588.00","1,625,791.00"
975,975,2017-03-09,217.00,218.00,214.00,215.00,0.00,"14,272.00","3,076,971.00"
976,976,2017-03-07,221.00,219.00,213.00,217.00,0.00,"14,533.00","3,131,080.00"
977,977,2017-03-06,215.00,227.00,216.00,221.00,0.00,"31,405.00","6,951,844.00"
978,978,2017-03-05,216.00,218.00,212.00,215.00,0.00,"15,348.00","3,300,108.00"
979,979,2017-03-02,215.00,216.00,209.00,216.00,0.00,"10,028.00","2,136,441.00"
980,980,2017-03-01,208.00,215.00,211.00,215.00,0.00,"4,217.00","898,232.00"
981,981,2017-02-28,213.00,215.00,207.00,208.00,0.00,"8,842.00","1,850,629.00"
982,982,2017-02-26,213.00,215.00,210.00,213.00,0.00,"12,393.00","2,624,114.00"
983,983,2017-02-23,213.00,215.00,209.00,213.00,0.00,"24,718.00","5,204,184.00"
984,984,2017-02-22,215.00,217.00,210.00,213.00,0.00,"23,525.00","5,025,248.00"
985,985,2017-02-21,215.00,220.00,211.00,215.00,0.00,"63,913.00","13,609,002.00"
986,986,2017-02-20,225.00,230.00,215.00,215.00,0.00,"26,141.00","5,795,391.00"
987,987,2017-02-19,223.00,226.00,216.00,225.00,0.00,"16,400.00","3,622,359.00"
988,988,2017-02-16,223.00,231.00,216.00,223.00,0.00,"22,771.00","5,039,142.00"
989,989,2017-02-15,214.00,223.00,208.00,223.00,0.00,"21,584.00","4,609,936.00"
990,990,2017-02-14,213.00,214.00,203.00,214.00,0.00,"9,359.00","1,954,745.00"
991,991,2017-02-13,206.00,213.00,198.00,213.00,0.00,"34,122.00","6,961,597.00"
992,992,2017-02-12,218.00,218.00,198.00,206.00,0.00,"39,004.00","7,911,130.00"
993,993,2017-02-09,224.00,223.00,218.00,218.00,0.00,"9,643.00","2,130,063.00"
994,994,2017-02-08,228.00,229.00,220.00,224.00,0.00,"12,847.00","2,862,785.00"
995,995,2017-02-07,232.00,233.00,223.00,228.00,0.00,"14,111.00","3,202,691.00"
996,996,2017-02-06,230.00,233.00,225.00,232.00,0.00,"9,096.00","2,084,315.00"
997,997,2017-02-05,235.00,239.00,223.00,230.00,0.00,"10,714.00","2,462,083.00"
998,998,2017-02-02,236.00,248.00,230.00,235.00,0.00,"17,465.00","4,098,249.00"
999,999,2017-02-01,220.00,236.00,218.00,236.00,0.00,"20,037.00","4,602,202.00"
1000,1000,2017-01-31,218.00,230.00,209.00,220.00,0.00,"19,773.00","4,284,065.00"
1001,1001,2017-01-30,235.00,233.00,217.00,218.00,0.00,"25,348.00","5,625,703.00"
1002,1002,2017-01-26,240.00,239.00,230.00,235.00,0.00,"23,894.00","5,593,261.00"
1003,1003,2017-01-25,240.00,244.00,233.00,240.00,0.00,"26,043.00","6,145,503.00"
1004,1004,2017-01-24,248.00,247.00,240.00,240.00,0.00,"19,784.00","4,810,368.00"
1005,1005,2017-01-23,247.00,250.00,245.00,248.00,0.00,"9,789.00","2,410,143.00"
1006,1006,2017-01-22,250.00,250.00,246.00,247.00,0.00,"21,699.00","5,372,320.00"
1007,1007,2017-01-19,249.00,257.00,247.00,250.00,0.00,"17,989.00","4,488,946.00"
1008,1008,2017-01-18,250.00,255.00,246.00,249.00,0.00,"20,802.00","5,225,565.00"
1009,1009,2017-01-17,249.00,250.00,246.00,250.00,0.00,"6,137.00","1,530,625.00"
1010,1010,2017-01-16,249.00,250.00,246.00,249.00,0.00,"13,964.00","3,462,792.00"
1011,1011,2017-01-15,252.00,255.00,249.00,249.00,0.00,"11,743.00","2,941,043.00"
1012,1012,2017-01-12,251.00,253.00,250.00,252.00,0.00,"16,713.00","4,194,179.00"
1013,1013,2017-01-11,252.00,254.00,250.00,251.00,0.00,"36,286.00","9,087,675.00"
1014,1014,2017-01-10,251.00,255.00,249.00,252.00,0.00,"16,952.00","4,257,303.00"
1015,1015,2017-01-09,250.00,255.00,248.00,251.00,0.00,"33,106.00","8,272,597.00"
1016,1016,2017-01-08,254.00,250.00,245.00,250.00,0.00,"21,271.00","5,293,841.00"
1017,1017,2017-01-05,254.00,255.00,246.00,254.00,0.00,"47,902.00","11,963,849.00"
1018,1018,2017-01-04,254.00,256.00,245.00,254.00,0.00,"71,649.00","17,876,324.00"
1019,1019,2017-01-03,258.00,258.00,245.00,254.00,0.00,"28,444.00","7,150,432.00"
1020,1020,2017-01-02,256.00,262.00,253.00,258.00,0.00,"14,707.00","3,792,279.00"
1021,1021,2017-01-01,249.00,257.00,252.00,256.00,0.00,"23,115.00","5,877,227.00"
1022,1022,2016-12-29,246.00,253.00,245.00,249.00,0.00,"25,097.00","6,238,587.00"
1023,1023,2016-12-28,240.00,247.00,235.00,246.00,0.00,"24,139.00","5,801,090.00"
1024,1024,2016-12-27,246.00,248.00,237.00,240.00,0.00,"46,041.00","11,083,646.00"
1025,1025,2016-12-26,250.00,250.00,245.00,246.00,0.00,"18,956.00","4,694,565.00"
1026,1026,2016-12-22,250.00,253.00,249.00,250.00,0.00,"37,256.00","9,332,645.00"
1027,1027,2016-12-21,254.00,255.00,249.00,250.00,0.00,"59,493.00","14,920,108.00"
1028,1028,2016-12-20,256.00,261.00,250.00,254.00,0.00,"28,883.00","7,287,621.00"
1029,1029,2016-12-19,258.00,263.00,250.00,256.00,0.00,"28,120.00","7,177,032.00"
1030,1030,2016-12-18,259.00,260.00,254.00,258.00,0.00,"20,971.00","5,389,157.00"
1031,1031,2016-12-15,254.00,259.00,252.00,259.00,0.00,"31,178.00","7,974,848.00"
1032,1032,2016-12-14,256.00,258.00,250.00,254.00,0.00,"36,877.00","9,350,169.00"
1033,1033,2016-12-12,256.00,257.00,249.00,256.00,0.00,"19,171.00","4,862,731.00"
1034,1034,2016-12-11,260.00,264.00,253.00,256.00,0.00,"23,960.00","6,123,747.00"
1035,1035,2016-12-08,264.00,264.00,254.00,260.00,0.00,"27,636.00","7,146,140.00"
1036,1036,2016-12-07,265.00,267.00,263.00,264.00,0.00,"12,006.00","3,180,284.00"
1037,1037,2016-12-06,263.00,268.00,258.00,265.00,0.00,"12,670.00","3,353,427.00"
1038,1038,2016-12-05,263.00,270.00,261.00,263.00,0.00,"21,589.00","5,687,495.00"
1039,1039,2016-12-04,272.00,273.00,260.00,263.00,0.00,"20,859.00","5,585,267.00"
1040,1040,2016-12-01,270.00,280.00,263.00,272.00,0.00,"78,140.00","21,167,896.00"
1041,1041,2016-11-30,265.00,279.00,261.00,270.00,0.00,"73,938.00","19,972,184.00"
1042,1042,2016-11-29,255.00,270.00,242.00,265.00,0.00,"74,509.00","19,138,520.00"
1043,1043,2016-11-28,249.00,263.00,233.00,255.00,0.00,"61,407.00","14,921,078.00"
1044,1044,2016-11-27,263.00,265.00,247.00,249.00,0.00,"84,584.00","21,416,888.00"
1045,1045,2016-11-24,265.00,283.00,260.00,263.00,0.00,"89,158.00","23,778,632.00"
1046,1046,2016-11-23,274.00,279.00,260.00,265.00,0.00,"70,741.00","18,918,774.00"
1047,1047,2016-11-22,280.00,280.00,272.00,274.00,0.00,"68,321.00","18,761,204.00"
1048,1048,2016-11-21,280.00,289.00,269.00,280.00,0.00,"76,928.00","21,473,712.00"
1049,1049,2016-11-20,299.00,300.00,272.00,280.00,0.00,"155,324.00","43,595,400.00"
1050,1050,2016-11-17,321.00,318.00,293.00,299.00,0.00,"169,494.00","51,001,404.00"
1051,1051,2016-11-16,323.00,325.00,318.00,321.00,0.00,"40,898.00","13,065,252.00"
1052,1052,2016-11-15,321.00,324.00,321.00,323.00,0.00,"96,574.00","31,130,192.00"
1053,1053,2016-11-14,317.00,321.00,311.00,321.00,0.00,"83,676.00","26,664,860.00"
1054,1054,2016-11-13,322.00,321.00,316.00,317.00,0.00,"127,247.00","40,471,676.00"
1055,1055,2016-11-10,321.00,329.00,311.00,322.00,0.00,"129,113.00","41,296,912.00"
1056,1056,2016-11-09,330.00,335.00,309.00,321.00,0.00,"123,188.00","39,249,096.00"
1057,1057,2016-11-08,342.00,345.00,329.00,330.00,0.00,"179,106.00","59,586,408.00"
1058,1058,2016-11-07,354.00,358.00,338.00,342.00,0.00,"152,931.00","52,565,756.00"
1059,1059,2016-11-03,336.00,369.00,336.00,354.00,0.00,"316,495.00","110,461,352.00"
1060,1060,2016-10-27,306.00,336.00,312.00,336.00,0.00,"10,204.00","3,369,960.00"
1061,1061,2016-10-26,280.00,306.00,285.00,306.00,0.00,"6,736.00","2,016,570.00"
1062,1062,2016-10-25,255.00,280.00,260.00,280.00,0.00,61.00,"16,580.00"
1063,1063,2016-01-25,253.00,258.00,250.00,255.00,0.00,"16,226.00","4,115,969.00"
1064,1064,2016-01-24,262.00,258.00,253.00,253.00,0.00,"10,935.00","2,791,999.00"
1065,1065,2016-01-21,256.00,263.00,258.00,262.00,0.00,"33,924.00","8,869,285.00"
1066,1066,2016-01-20,261.00,263.00,255.00,256.00,0.00,"27,465.00","7,112,334.00"
1067,1067,2016-01-19,261.00,262.00,254.00,261.00,0.00,"26,639.00","6,932,471.00"
1068,1068,2016-01-18,260.00,270.00,258.00,261.00,0.00,"22,828.00","6,021,529.00"
1069,1069,2016-01-17,250.00,261.00,253.00,260.00,0.00,"25,862.00","6,626,901.00"
1070,1070,2016-01-14,240.00,250.00,241.00,250.00,0.00,"15,195.00","3,713,795.00"
1071,1071,2016-01-13,243.00,245.00,237.00,240.00,0.00,"8,817.00","2,125,234.00"
1072,1072,2016-01-12,245.00,244.00,242.00,243.00,0.00,"1,712.00","416,979.00"
1073,1073,2016-01-12,245.00,244.00,242.00,243.00,0.00,"1,712.00","416,979.00"
1074,1074,2016-01-11,247.00,247.00,243.00,245.00,0.00,"1,566.00","383,050.00"
1075,1075,2016-01-10,250.00,250.00,246.00,247.00,0.00,"28,086.00","6,995,846.00"
1076,1076,2016-01-07,248.00,252.00,243.00,250.00,0.00,"14,005.00","3,475,444.00"
1077,1077,2016-01-06,236.00,250.00,236.00,248.00,0.00,"10,042.00","2,466,347.00"
1078,1078,2016-01-05,250.00,252.00,246.00,252.00,0.00,"21,119.00","5,272,917.00"
1079,1079,2016-01-04,252.00,255.00,247.00,250.00,0.00,"14,794.00","3,707,676.00"
1080,1080,2016-01-03,254.00,255.00,251.00,252.00,0.00,"17,053.00","4,315,411.00"
1081,1081,2015-12-31,251.00,260.00,246.00,254.00,0.00,"14,309.00","3,635,927.00"
1082,1082,2015-12-29,249.00,254.00,249.00,251.00,0.00,"12,513.00","3,149,653.00"
1083,1083,2015-12-28,248.00,252.00,244.00,249.00,0.00,"6,450.00","1,603,872.00"
1084,1084,2015-12-27,246.00,250.00,244.00,248.00,0.00,"7,099.00","1,753,031.00"
1085,1085,2015-12-24,244.00,252.00,241.00,246.00,0.00,"3,685.00","913,318.00"
1086,1086,2015-12-23,247.00,252.00,240.00,244.00,0.00,"25,426.00","6,161,114.00"
1087,1087,2015-12-22,241.00,255.00,242.00,247.00,0.00,"30,195.00","7,441,902.00"
1088,1088,2015-12-21,238.00,247.00,240.00,241.00,0.00,"11,598.00","2,796,992.00"
1089,1089,2015-12-20,243.00,245.00,237.00,238.00,0.00,"4,645.00","1,122,077.00"
1090,1090,2015-12-17,242.00,244.00,238.00,243.00,0.00,"15,824.00","3,824,817.00"
1091,1091,2015-12-16,243.00,247.00,240.00,242.00,0.00,"10,857.00","2,633,851.00"
1092,1092,2015-12-15,244.00,248.00,241.00,243.00,0.00,"6,337.00","1,536,402.00"
1093,1093,2015-12-14,245.00,249.00,243.00,244.00,0.00,"12,062.00","2,951,771.00"
1094,1094,2015-12-13,252.00,251.00,245.00,245.00,0.00,"8,124.00","2,007,406.00"
1095,1095,2015-12-10,256.00,257.00,249.00,252.00,0.00,"8,586.00","2,154,874.00"
1096,1096,2015-12-09,250.00,260.00,250.00,256.00,0.00,"7,274.00","1,850,481.00"
1097,1097,2015-12-08,249.00,254.00,247.00,250.00,0.00,"6,297.00","1,571,072.00"
1098,1098,2015-12-07,254.00,259.00,246.00,249.00,0.00,"4,142.00","1,038,161.00"
1099,1099,2015-12-06,250.00,265.00,246.00,254.00,0.00,"9,849.00","2,495,272.00"
1100,1100,2015-12-03,243.00,250.00,239.00,250.00,0.00,"9,108.00","2,258,595.00"
1101,1101,2015-12-02,244.00,245.00,236.00,243.00,0.00,"9,677.00","2,330,797.00"
1102,1102,2015-12-01,238.00,248.00,241.00,244.00,0.00,"11,112.00","2,701,175.00"
1103,1103,2015-11-30,240.00,245.00,238.00,238.00,0.00,"9,580.00","2,298,315.00"
1104,1104,2015-11-29,241.00,241.00,232.00,240.00,0.00,"8,268.00","1,937,282.00"
1105,1105,2015-11-26,250.00,245.00,238.00,241.00,0.00,"9,921.00","2,391,945.00"
1106,1106,2015-11-25,250.00,254.00,246.00,250.00,0.00,"8,667.00","2,142,782.00"
1107,1107,2015-11-24,250.00,251.00,248.00,250.00,0.00,"12,086.00","3,019,761.00"
1108,1108,2015-11-23,251.00,255.00,248.00,250.00,0.00,"4,612.00","1,157,126.00"
1109,1109,2015-11-22,253.00,260.00,248.00,251.00,0.00,"11,166.00","2,797,935.00"
1110,1110,2015-11-19,256.00,255.00,251.00,253.00,0.00,"4,037.00","1,020,844.00"
1111,1111,2015-11-18,259.00,261.00,256.00,256.00,0.00,"6,364.00","1,644,126.00"
1112,1112,2015-11-16,263.00,259.00,257.00,259.00,0.00,"2,326.00","600,990.00"
1113,1113,2015-11-15,260.00,263.00,255.00,263.00,0.00,888.00,"230,040.00"
1114,1114,2015-11-10,266.00,266.00,260.00,260.00,0.00,"3,078.00","808,578.00"
1115,1115,2015-11-09,256.00,266.00,258.00,266.00,0.00,"11,722.00","3,043,138.00"
1116,1116,2015-11-08,257.00,256.00,250.00,256.00,0.00,"14,340.00","3,615,387.00"
1117,1117,2015-11-05,259.00,260.00,257.00,257.00,0.00,"4,769.00","1,234,135.00"
1118,1118,2015-11-04,260.00,260.00,259.00,259.00,0.00,863.00,"223,880.00"
1119,1119,2015-11-03,260.00,260.00,254.00,260.00,0.00,"1,771.00","454,580.00"
1120,1120,2015-11-02,267.00,270.00,258.00,260.00,0.00,"14,923.00","3,888,407.00"
1121,1121,2015-11-01,263.00,268.00,255.00,267.00,0.00,"13,343.00","3,477,869.00"
1122,1122,2015-10-29,264.00,269.00,260.00,263.00,0.00,"9,388.00","2,469,987.00"
1123,1123,2015-10-28,255.00,264.00,248.00,264.00,0.00,"27,345.00","6,927,953.00"
1124,1124,2015-10-27,270.00,269.00,255.00,255.00,0.00,"10,466.00","2,695,065.00"
1125,1125,2015-10-25,268.00,270.00,270.00,270.00,0.00,"1,157.00","312,390.00"
1126,1126,2015-10-19,267.00,273.00,267.00,268.00,0.00,"5,359.00","1,446,618.00"
1127,1127,2015-10-18,274.00,272.00,267.00,267.00,0.00,"4,771.00","1,288,289.00"
1128,1128,2015-10-15,270.00,274.00,267.00,274.00,0.00,"1,877.00","507,027.00"
1129,1129,2015-10-14,273.00,280.00,270.00,270.00,0.00,"4,925.00","1,349,742.00"
1130,1130,2015-10-11,275.00,277.00,273.00,273.00,0.00,"4,864.00","1,336,351.00"
1131,1131,2015-10-08,280.00,284.00,274.00,275.00,0.00,"19,459.00","5,362,566.00"
1132,1132,2015-10-07,283.00,283.00,273.00,280.00,0.00,"11,097.00","3,084,628.00"
1133,1133,2015-10-06,284.00,285.00,282.00,283.00,0.00,"10,672.00","3,030,961.00"
1134,1134,2015-10-05,286.00,288.00,281.00,284.00,0.00,"17,050.00","3,885,733.00"
1135,1135,2015-10-04,285.00,294.00,285.00,286.00,0.00,"9,471.00","2,717,381.00"
1136,1136,2015-10-01,289.00,290.00,285.00,285.00,0.00,"10,793.00","3,084,701.00"
1137,1137,2015-09-30,290.00,295.00,288.00,289.00,0.00,"34,679.00","10,070,245.00"
1138,1138,2015-09-29,287.00,290.00,285.00,290.00,0.00,"8,507.00","2,451,323.00"
1139,1139,2015-09-28,288.00,288.00,279.00,287.00,0.00,"5,800.00","1,647,922.00"
1140,1140,2015-09-24,291.00,296.00,286.00,288.00,0.00,"22,132.00","6,389,503.00"
1141,1141,2015-09-23,290.00,300.00,290.00,291.00,0.00,"9,513.00","2,784,181.00"
1142,1142,2015-09-22,295.00,300.00,285.00,290.00,0.00,"18,389.00","5,311,141.00"
1143,1143,2015-09-17,296.00,296.00,292.00,295.00,0.00,"10,830.00","3,183,512.00"
1144,1144,2015-09-16,294.00,299.00,290.00,296.00,0.00,"31,520.00","9,225,506.00"
1145,1145,2015-09-15,292.00,301.00,292.00,294.00,0.00,"18,393.00","5,432,853.00"
1146,1146,2015-09-14,289.00,298.00,288.00,292.00,0.00,"26,487.00","7,688,486.00"
1147,1147,2015-09-13,291.00,296.00,289.00,289.00,0.00,"4,865.00","1,416,473.00"
1148,1148,2015-09-10,298.00,295.00,289.00,291.00,0.00,"6,832.00","1,989,446.00"
1149,1149,2015-09-09,300.00,300.00,294.00,298.00,0.00,"11,894.00","3,528,598.00"
1150,1150,2015-09-08,287.00,300.00,285.00,300.00,0.00,"14,567.00","4,261,173.00"
1151,1151,2015-09-07,285.00,295.00,286.00,287.00,0.00,"11,059.00","3,205,690.00"
1152,1152,2015-09-06,293.00,294.00,285.00,285.00,0.00,"20,534.00","5,887,162.00"
1153,1153,2015-09-03,293.00,294.00,290.00,293.00,0.00,"9,671.00","2,821,413.00"
1154,1154,2015-09-02,299.00,300.00,290.00,293.00,0.00,"10,036.00","2,955,080.00"
1155,1155,2015-09-01,293.00,301.00,294.00,299.00,0.00,"18,792.00","5,588,646.00"
1156,1156,2015-08-31,302.00,304.00,290.00,293.00,0.00,"20,347.00","6,003,185.00"
1157,1157,2015-08-27,295.00,302.00,294.00,302.00,0.00,"21,834.00","6,518,019.00"
1158,1158,2015-08-26,298.00,300.00,295.00,295.00,0.00,"5,539.00","1,642,421.00"
1159,1159,2015-08-25,300.00,298.00,289.00,298.00,0.00,"2,691.00","792,629.00"
1160,1160,2015-08-24,304.00,306.00,297.00,300.00,0.00,"15,272.00","4,596,229.00"
1161,1161,2015-08-23,309.00,305.00,287.00,304.00,0.00,"15,382.00","4,611,457.00"
1162,1162,2015-08-20,307.00,328.00,307.00,309.00,0.00,"37,441.00","11,699,309.00"
1163,1163,2015-08-19,299.00,308.00,300.00,307.00,0.00,"30,327.00","9,205,888.00"
1164,1164,2015-08-18,291.00,313.00,290.00,299.00,0.00,"38,852.00","11,657,951.00"
1165,1165,2015-08-18,291.00,313.00,290.00,299.00,0.00,"38,852.00","11,657,951.00"
1166,1166,2015-08-17,265.00,291.00,270.00,291.00,0.00,"27,053.00","7,798,862.00"
1167,1167,2015-08-16,266.00,270.00,257.00,265.00,0.00,"75,484.00","19,741,280.00"
1168,1168,2015-08-13,264.00,269.00,261.00,266.00,0.00,"30,069.00","7,953,250.00"
1169,1169,2015-08-12,269.00,268.00,262.00,264.00,0.00,"35,158.00","9,296,988.00"
1170,1170,2015-08-11,270.00,274.00,265.00,269.00,0.00,"31,320.00","8,370,042.00"
1171,1171,2015-08-10,275.00,279.00,269.00,270.00,0.00,"45,250.00","12,297,900.00"
1172,1172,2015-08-09,275.00,295.00,271.00,275.00,0.00,"32,983.00","9,161,557.00"
1173,1173,2015-08-06,271.00,277.00,271.00,275.00,0.00,"10,077.00","2,755,748.00"
1174,1174,2015-08-05,276.00,277.00,268.00,271.00,0.00,"28,973.00","7,838,909.00"
1175,1175,2015-08-04,283.00,281.00,275.00,276.00,0.00,"15,291.00","4,228,568.00"
1176,1176,2015-08-03,285.00,287.00,277.00,283.00,0.00,"9,347.00","2,618,482.00"
1177,1177,2015-08-02,284.00,289.00,279.00,285.00,0.00,"10,154.00","2,861,771.00"
1178,1178,2015-07-30,289.00,293.00,280.00,284.00,0.00,"10,693.00","3,061,081.00"
1179,1179,2015-07-29,290.00,290.00,282.00,289.00,0.00,"11,761.00","3,365,262.00"
1180,1180,2015-07-28,299.00,300.00,280.00,290.00,0.00,"47,167.00","13,921,040.00"
1181,1181,2015-07-27,319.00,342.00,295.00,299.00,0.00,"109,000.00","33,521,134.00"
1182,1182,2015-07-26,290.00,319.00,295.00,319.00,0.00,"15,767.00","5,028,060.00"
1183,1183,2015-07-23,284.00,296.00,270.00,290.00,0.00,"27,273.00","7,827,059.00"
1184,1184,2015-07-22,270.00,284.00,271.00,284.00,0.00,"7,209.00","1,976,995.00"
1185,1185,2015-07-16,270.00,272.00,268.00,270.00,0.00,"2,181.00","587,361.00"
1186,1186,2015-07-15,270.00,270.00,268.00,270.00,0.00,"14,206.00","3,832,339.00"
1187,1187,2015-07-14,275.00,276.00,267.00,270.00,0.00,"12,715.00","3,427,745.00"
1188,1188,2015-07-13,267.00,275.00,267.00,275.00,0.00,"10,572.00","2,838,087.00"
1189,1189,2015-07-12,270.00,270.00,266.00,267.00,0.00,"6,788.00","1,819,658.00"
1190,1190,2015-07-09,270.00,271.00,266.00,270.00,0.00,"24,349.00","6,566,126.00"
1191,1191,2015-07-08,268.00,271.00,266.00,270.00,0.00,"5,108.00","1,370,994.00"
1192,1192,2015-07-07,265.00,268.00,262.00,268.00,0.00,"1,797.00","478,652.00"
1193,1193,2015-07-06,267.00,268.00,262.00,265.00,0.00,"12,767.00","3,364,913.00"
1194,1194,2015-07-05,267.00,272.00,265.00,267.00,0.00,"3,493.00","934,943.00"
1195,1195,2015-07-02,267.00,270.00,260.00,267.00,0.00,"11,993.00","3,189,567.00"
1196,1196,2015-07-01,270.00,280.00,267.00,267.00,0.00,"3,886.00","1,054,105.00"
1197,1197,2015-06-30,272.00,273.00,270.00,270.00,0.00,"11,027.00","2,979,871.00"
1198,1198,2015-06-29,270.00,280.00,270.00,272.00,0.00,"19,542.00","5,312,274.00"
1199,1199,2015-06-28,271.00,280.00,265.00,270.00,0.00,"15,355.00","4,128,432.00"
1200,1200,2015-06-25,270.00,275.00,268.00,271.00,0.00,"13,115.00","3,554,097.00"
1201,1201,2015-06-24,269.00,270.00,268.00,270.00,0.00,"1,874.00","503,247.00"
1202,1202,2015-06-23,268.00,269.00,263.00,269.00,0.00,"3,421.00","907,831.00"
1203,1203,2015-06-22,264.00,271.00,262.00,268.00,0.00,"1,461.00","391,716.00"
1204,1204,2015-06-21,268.00,270.00,261.00,264.00,0.00,"6,206.00","1,637,960.00"
1205,1205,2015-06-18,268.00,276.00,267.00,268.00,0.00,"7,390.00","1,997,280.00"
1206,1206,2015-06-17,275.00,278.00,268.00,268.00,0.00,"17,812.00","4,835,253.00"
1207,1207,2015-06-16,278.00,278.00,274.00,275.00,0.00,"3,149.00","865,193.00"
1208,1208,2015-06-15,274.00,284.00,274.00,278.00,0.00,"9,360.00","2,614,540.00"
1209,1209,2015-06-14,280.00,279.00,268.00,274.00,0.00,"7,332.00","1,993,061.00"
1210,1210,2015-06-11,285.00,284.00,271.00,280.00,0.00,"8,116.00","2,258,645.00"
1211,1211,2015-06-10,295.00,300.00,282.00,285.00,0.00,"16,453.00","4,738,816.00"
1212,1212,2015-06-09,288.00,315.00,293.00,295.00,0.00,"33,495.00","10,093,498.00"
1213,1213,2015-06-08,283.00,289.00,283.00,288.00,0.00,"16,889.00","4,826,376.00"
1214,1214,2015-06-08,283.00,289.00,283.00,288.00,0.00,"16,889.00","4,826,376.00"
1215,1215,2015-06-08,283.00,289.00,283.00,288.00,0.00,"16,889.00","4,826,376.00"
1216,1216,2015-06-07,280.00,285.00,275.00,283.00,0.00,"11,139.00","3,128,751.00"
1217,1217,2015-06-04,280.00,285.00,266.00,280.00,0.00,"8,282.00","2,281,604.00"
1218,1218,2015-06-03,268.00,283.00,266.00,280.00,0.00,"15,748.00","4,329,330.00"
1219,1219,2015-06-02,263.00,268.00,256.00,268.00,0.00,"6,245.00","1,630,688.00"
1220,1220,2015-06-01,260.00,275.00,261.00,263.00,0.00,"15,908.00","4,240,515.00"
1221,1221,2015-05-31,261.00,269.00,249.00,260.00,0.00,"30,557.00","7,926,142.00"
1222,1222,2015-05-28,290.00,285.00,261.00,261.00,0.00,60.00,"16,360.00"
1223,1223,2015-04-23,283.00,290.00,278.00,290.00,0.00,"3,831.00","1,088,235.00"
1224,1224,2015-04-22,290.00,292.00,281.00,283.00,0.00,"14,123.00","4,009,338.00"
1225,1225,2015-04-21,284.00,298.00,289.00,290.00,0.00,"12,717.00","3,733,161.00"
1226,1226,2015-04-20,290.00,290.00,283.00,284.00,0.00,"7,574.00","2,172,763.00"
1227,1227,2015-04-19,279.00,290.00,277.00,290.00,0.00,"16,800.00","4,712,916.00"
1228,1228,2015-04-16,280.00,283.00,277.00,279.00,0.00,"27,497.00","7,665,272.00"
1229,1229,2015-04-15,285.00,281.00,278.00,280.00,0.00,"17,947.00","5,020,446.00"
1230,1230,2015-04-13,287.00,287.00,285.00,285.00,0.00,"3,418.00","974,567.00"
1231,1231,2015-04-12,289.00,293.00,285.00,287.00,0.00,"2,296.00","663,019.00"
1232,1232,2015-04-09,280.00,289.00,279.00,289.00,0.00,"5,689.00","1,623,833.00"
1233,1233,2015-04-08,282.00,285.00,280.00,280.00,0.00,"8,657.00","2,451,671.00"
1234,1234,2015-04-07,283.00,283.00,278.00,282.00,0.00,"7,960.00","2,230,661.00"
1235,1235,2015-04-06,286.00,283.00,278.00,283.00,0.00,"1,896.00","532,921.00"
1236,1236,2015-04-05,281.00,286.00,278.00,286.00,0.00,"2,696.00","755,422.00"
1237,1237,2015-04-02,276.00,289.00,278.00,281.00,0.00,"3,406.00","952,200.00"
1238,1238,2015-04-01,285.00,290.00,276.00,276.00,0.00,"2,285.00","643,543.00"
1239,1239,2015-03-31,285.00,289.00,272.00,285.00,0.00,"7,130.00","2,019,250.00"
1240,1240,2015-03-30,280.00,286.00,281.00,285.00,0.00,422.00,"119,043.00"
1241,1241,2015-03-29,283.00,281.00,275.00,280.00,0.00,"5,592.00","1,555,527.00"
1242,1242,2015-03-26,282.00,283.00,277.00,283.00,0.00,"7,254.00","2,026,276.00"
1243,1243,2015-03-25,286.00,285.00,281.00,282.00,0.00,"9,944.00","2,810,285.00"
1244,1244,2015-03-24,284.00,294.00,281.00,286.00,0.00,"2,825.00","812,886.00"
1245,1245,2015-03-23,294.00,291.00,284.00,284.00,0.00,"19,232.00","5,527,765.00"
1246,1246,2015-03-22,299.00,304.00,293.00,294.00,0.00,"9,344.00","2,789,453.00"
1247,1247,2015-03-19,290.00,299.00,290.00,299.00,0.00,"10,071.00","2,992,019.00"
1248,1248,2015-03-18,290.00,293.00,288.00,290.00,0.00,"3,817.00","1,106,334.00"
1249,1249,2015-03-17,292.00,294.00,288.00,290.00,0.00,"3,268.00","953,319.00"
1250,1250,2015-03-16,295.00,293.00,288.00,292.00,0.00,"4,985.00","1,447,827.00"
1251,1251,2015-03-15,300.00,296.00,293.00,295.00,0.00,"3,461.00","1,020,708.00"
1252,1252,2015-03-12,301.00,300.00,296.00,300.00,0.00,"6,382.00","1,910,870.00"
1253,1253,2015-03-11,300.00,305.00,299.00,301.00,0.00,"5,783.00","1,737,390.00"
1254,1254,2015-03-10,305.00,303.00,300.00,300.00,0.00,"17,442.00","5,232,849.00"
1255,1255,2015-03-09,303.00,312.00,300.00,305.00,0.00,"3,875.00","1,182,899.00"
1256,1256,2015-03-04,301.00,307.00,300.00,303.00,0.00,"7,537.00","2,288,019.00"
1257,1257,2015-03-03,313.00,307.00,301.00,301.00,0.00,"3,930.00","1,190,489.00"
1258,1258,2015-03-02,299.00,313.00,294.00,313.00,0.00,"13,148.00","3,999,800.00"
1259,1259,2015-03-01,303.00,303.00,297.00,299.00,0.00,"5,078.00","1,514,422.00"
1260,1260,2015-02-26,295.00,303.00,294.00,303.00,0.00,"4,200.00","1,250,061.00"
1261,1261,2015-02-25,292.00,297.00,294.00,295.00,0.00,"5,729.00","1,691,059.00"
1262,1262,2015-02-24,294.00,297.00,290.00,292.00,0.00,"9,793.00","2,882,663.00"
1263,1263,2015-02-23,296.00,297.00,291.00,294.00,0.00,"14,906.00","4,379,508.00"
1264,1264,2015-02-22,295.00,299.00,295.00,296.00,0.00,"2,199.00","650,087.00"
1265,1265,2015-02-18,300.00,302.00,295.00,295.00,0.00,"6,137.00","1,833,339.00"
1266,1266,2015-02-16,303.00,306.00,300.00,300.00,0.00,"11,158.00","3,373,446.00"
1267,1267,2015-02-16,303.00,306.00,300.00,300.00,0.00,"11,158.00","3,373,446.00"
1268,1268,2015-02-15,305.00,310.00,302.00,303.00,0.00,"13,506.00","4,128,532.00"
1269,1269,2015-02-12,300.00,305.00,300.00,305.00,0.00,"9,957.00","3,012,067.00"
1270,1270,2015-02-11,300.00,306.00,296.00,300.00,0.00,"14,401.00","4,349,587.00"
1271,1271,2015-02-10,300.00,301.00,297.00,300.00,0.00,"2,118.00","635,462.00"
1272,1272,2015-02-09,304.00,304.00,300.00,300.00,0.00,"5,339.00","1,604,658.00"
1273,1273,2015-02-08,300.00,305.00,300.00,304.00,0.00,"13,204.00","3,987,836.00"
1274,1274,2015-02-05,300.00,304.00,296.00,300.00,0.00,"16,741.00","5,021,958.00"
1275,1275,2015-02-04,307.00,310.00,300.00,300.00,0.00,"20,375.00","6,202,764.00"
1276,1276,2015-02-03,309.00,313.00,301.00,307.00,0.00,"20,197.00","6,157,236.00"
1277,1277,2015-02-02,314.00,315.00,306.00,309.00,0.00,"13,078.00","4,073,506.00"
1278,1278,2015-02-01,316.00,320.00,311.00,314.00,0.00,"12,247.00","3,832,229.00"
1279,1279,2015-01-29,317.00,320.00,310.00,316.00,0.00,"18,685.00","5,867,978.00"
1280,1280,2015-01-28,312.00,321.00,310.00,317.00,0.00,"11,923.00","3,761,333.00"
1281,1281,2015-01-27,309.00,312.00,308.00,312.00,0.00,"11,219.00","3,482,330.00"
1282,1282,2015-01-26,309.00,319.00,305.00,309.00,0.00,"24,053.00","7,463,503.00"
1283,1283,2015-01-25,300.00,312.00,302.00,309.00,0.00,"37,740.00","11,567,845.00"
1284,1284,2015-01-22,306.00,310.00,296.00,300.00,0.00,"12,781.00","3,860,196.00"
1285,1285,2015-01-20,311.00,318.00,289.00,306.00,0.00,"25,593.00","7,821,463.00"
1286,1286,2015-01-19,295.00,324.00,300.00,311.00,0.00,"24,911.00","7,645,210.00"
1287,1287,2015-01-18,280.00,306.00,280.00,295.00,0.00,"26,474.00","7,859,725.00"
1288,1288,2015-01-14,276.00,286.00,277.00,280.00,0.00,"17,478.00","4,914,105.00"
1289,1289,2015-01-13,272.00,276.00,269.00,276.00,0.00,"11,553.00","3,139,701.00"
1290,1290,2015-01-12,267.00,272.00,264.00,272.00,0.00,"2,851.00","760,801.00"
1291,1291,2015-01-11,272.00,273.00,267.00,267.00,0.00,"5,161.00","1,384,497.00"
1292,1292,2015-01-08,269.00,276.00,271.00,272.00,0.00,"11,175.00","3,054,413.00"
1293,1293,2015-01-07,265.00,272.00,261.00,269.00,0.00,"8,948.00","2,412,666.00"
1294,1294,2015-01-06,264.00,275.00,259.00,265.00,0.00,"12,366.00","3,290,566.00"
1295,1295,2015-01-05,278.00,282.00,272.00,282.00,0.00,"101,346.00","28,237,730.00"
1296,1296,2015-01-04,273.00,279.00,268.00,278.00,0.00,"44,705.00","12,341,660.00"
1297,1297,2015-01-01,273.00,278.00,270.00,273.00,0.00,"13,291.00","3,624,612.00"
1298,1298,2014-12-31,273.00,278.00,269.00,273.00,0.00,"19,311.00","5,261,980.00"
1299,1299,2014-12-29,278.00,278.00,266.00,273.00,0.00,"33,456.00","9,051,031.00"
1300,1300,2014-12-28,268.00,278.00,270.00,278.00,0.00,"17,848.00","4,884,244.00"
1301,1301,2014-12-28,268.00,278.00,270.00,278.00,0.00,"17,848.00","4,884,244.00"
1302,1302,2014-12-24,261.00,270.00,258.00,268.00,0.00,"22,453.00","5,972,304.00"
1303,1303,2014-12-23,265.00,262.00,254.00,261.00,0.00,"14,607.00","3,747,894.00"
1304,1304,2014-12-22,270.00,268.00,260.00,265.00,0.00,"6,055.00","1,585,758.00"
1305,1305,2014-12-21,270.00,270.00,260.00,270.00,0.00,"8,991.00","2,374,673.00"
1306,1306,2014-12-18,270.00,273.00,267.00,270.00,0.00,"7,317.00","1,969,120.00"
1307,1307,2014-12-17,277.00,282.00,267.00,270.00,0.00,"15,565.00","4,230,663.00"
1308,1308,2014-12-16,279.00,281.00,268.00,277.00,0.00,"16,257.00","4,501,858.00"
1309,1309,2014-12-15,280.00,288.00,260.00,279.00,0.00,"38,808.00","10,765,454.00"
1310,1310,2014-12-14,259.00,283.00,261.00,280.00,0.00,"22,122.00","5,988,589.00"
1311,1311,2014-12-11,250.00,264.00,251.00,259.00,0.00,"11,889.00","3,046,862.00"
1312,1312,2014-12-10,246.00,265.00,243.00,250.00,0.00,"12,313.00","3,082,845.00"
1313,1313,2014-12-09,244.00,250.00,240.00,246.00,0.00,"14,388.00","3,535,186.00"
1314,1314,2014-12-08,245.00,248.00,238.00,244.00,0.00,"12,929.00","3,119,956.00"
1315,1315,2014-12-07,234.00,247.00,233.00,245.00,0.00,"8,013.00","1,937,739.00"
1316,1316,2014-12-04,231.00,240.00,230.00,234.00,0.00,"10,312.00","2,416,163.00"
1317,1317,2014-12-03,227.00,239.00,230.00,231.00,0.00,"8,896.00","2,102,075.00"
1318,1318,2014-12-02,228.00,229.00,224.00,227.00,0.00,"6,978.00","1,580,776.00"
1319,1319,2014-12-01,231.00,235.00,226.00,228.00,0.00,"4,682.00","1,067,627.00"
1320,1320,2014-11-30,240.00,236.00,229.00,231.00,0.00,"4,872.00","1,128,205.00"
1321,1321,2014-11-25,241.00,244.00,234.00,240.00,0.00,"11,421.00","2,726,543.00"
1322,1322,2014-11-24,241.00,245.00,240.00,241.00,0.00,"10,454.00","2,526,302.00"
1323,1323,2014-11-23,241.00,253.00,238.00,241.00,0.00,"9,177.00","2,287,578.00"
1324,1324,2014-11-20,238.00,252.00,239.00,241.00,0.00,"12,065.00","2,959,411.00"
1325,1325,2014-11-19,232.00,242.00,228.00,238.00,0.00,"11,142.00","2,630,429.00"
1326,1326,2014-11-18,257.00,252.00,232.00,232.00,0.00,"39,685.00","9,476,566.00"
1327,1327,2014-11-17,260.00,265.00,250.00,257.00,0.00,"26,586.00","6,715,056.00"
1328,1328,2014-11-16,266.00,269.00,257.00,260.00,0.00,"9,588.00","2,502,334.00"
1329,1329,2014-11-13,269.00,271.00,256.00,266.00,0.00,"2,645.00","701,810.00"
1330,1330,2014-11-12,272.00,271.00,267.00,269.00,0.00,"2,725.00","732,452.00"
1331,1331,2014-11-11,264.00,276.00,255.00,272.00,0.00,"7,222.00","1,935,640.00"
1332,1332,2014-11-10,267.00,270.00,260.00,264.00,0.00,"9,169.00","2,404,102.00"
1333,1333,2014-11-09,273.00,274.00,266.00,267.00,0.00,"10,777.00","2,899,413.00"
1334,1334,2014-11-06,273.00,277.00,270.00,273.00,0.00,"4,187.00","1,142,183.00"
1335,1335,2014-11-05,274.00,276.00,265.00,273.00,0.00,"7,304.00","1,971,697.00"
1336,1336,2014-11-04,274.00,274.00,265.00,274.00,0.00,"13,184.00","3,531,237.00"
1337,1337,2014-11-03,280.00,279.00,274.00,274.00,0.00,"11,572.00","3,191,079.00"
1338,1338,2014-11-02,283.00,285.00,280.00,280.00,0.00,"5,428.00","1,528,887.00"
1339,1339,2014-10-30,282.00,291.00,281.00,283.00,0.00,"4,874.00","1,377,352.00"
1340,1340,2014-10-28,282.00,290.00,280.00,282.00,0.00,"10,822.00","3,067,093.00"
1341,1341,2014-10-27,285.00,286.00,281.00,282.00,0.00,"6,237.00","1,771,769.00"
1342,1342,2014-10-26,287.00,291.00,285.00,285.00,0.00,"6,099.00","1,743,177.00"
1343,1343,2014-10-22,284.00,287.00,281.00,287.00,0.00,"4,222.00","1,195,661.00"
1344,1344,2014-10-21,282.00,287.00,279.00,284.00,0.00,"17,650.00","4,955,288.00"
1345,1345,2014-10-20,290.00,289.00,280.00,282.00,0.00,"4,472.00","1,272,460.00"
1346,1346,2014-10-19,290.00,294.00,285.00,290.00,0.00,"4,873.00","1,406,525.00"
1347,1347,2014-10-16,290.00,295.00,286.00,290.00,0.00,"8,580.00","2,494,496.00"
1348,1348,2014-10-15,285.00,290.00,282.00,290.00,0.00,"15,937.00","4,544,196.00"
1349,1349,2014-10-14,282.00,291.00,278.00,285.00,0.00,"5,702.00","1,607,265.00"
1350,1350,2014-10-13,281.00,286.00,272.00,282.00,0.00,"9,328.00","2,627,393.00"
1351,1351,2014-10-12,291.00,295.00,281.00,281.00,0.00,"11,265.00","3,232,071.00"
1352,1352,2014-10-09,290.00,293.00,281.00,291.00,0.00,"2,949.00","842,274.00"
1353,1353,2014-10-08,295.00,290.00,288.00,290.00,0.00,658.00,"190,658.00"
1354,1354,2014-09-30,297.00,301.00,291.00,295.00,0.00,"9,630.00","2,844,176.00"
1355,1355,2014-09-29,295.00,302.00,295.00,297.00,0.00,"20,250.00","6,075,678.00"
1356,1356,2014-09-28,288.00,297.00,290.00,295.00,0.00,"4,780.00","1,402,680.00"
1357,1357,2014-09-24,290.00,291.00,285.00,288.00,0.00,"7,711.00","2,224,054.00"
1358,1358,2014-09-23,281.00,290.00,276.00,290.00,0.00,"6,111.00","1,745,030.00"
1359,1359,2014-09-22,283.00,288.00,275.00,281.00,0.00,"18,575.00","5,188,461.00"
1360,1360,2014-09-21,290.00,286.00,273.00,283.00,0.00,"14,993.00","4,152,708.00"
1361,1361,2014-09-18,295.00,290.00,281.00,290.00,0.00,"12,932.00","3,693,456.00"
1362,1362,2014-09-17,297.00,302.00,285.00,295.00,0.00,"14,608.00","4,256,272.00"
1363,1363,2014-09-16,291.00,299.00,289.00,297.00,0.00,"18,745.00","5,504,014.00"
1364,1364,2014-09-15,288.00,296.00,290.00,291.00,0.00,"13,377.00","3,901,506.00"
1365,1365,2014-09-14,295.00,300.00,286.00,288.00,0.00,"11,292.00","3,286,875.00"
1366,1366,2014-09-11,295.00,301.00,282.00,295.00,0.00,"14,906.00","4,382,047.00"
1367,1367,2014-09-10,305.00,313.00,290.00,295.00,0.00,"37,766.00","11,298,274.00"
1368,1368,2014-09-09,278.00,305.00,280.00,305.00,0.00,"32,855.00","9,808,887.00"
1369,1369,2014-09-07,292.00,287.00,275.00,278.00,0.00,"33,548.00","9,316,352.00"
1370,1370,2014-09-04,302.00,302.00,291.00,292.00,0.00,"22,296.00","6,564,388.00"
1371,1371,2014-09-03,308.00,320.00,302.00,302.00,0.00,"19,039.00","5,844,237.00"
1372,1372,2014-09-01,306.00,308.00,296.00,308.00,0.00,"30,731.00","9,248,065.00"
1373,1373,2014-08-31,313.00,312.00,300.00,306.00,0.00,"32,170.00","9,724,850.00"
1374,1374,2014-08-28,314.00,328.00,308.00,313.00,0.00,"33,989.00","10,754,754.00"
1375,1375,2014-08-27,301.00,320.00,300.00,314.00,0.00,"43,558.00","13,626,302.00"
1376,1376,2014-08-26,307.00,327.00,297.00,301.00,0.00,"41,070.00","12,575,520.00"
1377,1377,2014-08-25,320.00,315.00,300.00,307.00,0.00,"21,508.00","6,515,929.00"
1378,1378,2014-08-24,326.00,328.00,314.00,320.00,0.00,"19,164.00","6,135,695.00"
1379,1379,2014-08-21,317.00,328.00,301.00,326.00,0.00,"40,089.00","12,687,964.00"
1380,1380,2014-08-20,329.00,330.00,317.00,317.00,0.00,"14,839.00","4,783,942.00"
1381,1381,2014-08-19,330.00,337.00,328.00,329.00,0.00,"18,206.00","6,037,428.00"
1382,1382,2014-08-18,338.00,342.00,324.00,330.00,0.00,"31,105.00","10,363,088.00"
1383,1383,2014-08-14,340.00,346.00,332.00,338.00,0.00,"11,704.00","3,933,840.00"
1384,1384,2014-08-13,334.00,346.00,329.00,340.00,0.00,"42,507.00","14,269,822.00"
1385,1385,2014-08-12,351.00,350.00,330.00,334.00,0.00,"18,581.00","6,213,471.00"
1386,1386,2014-08-07,345.00,351.00,333.00,351.00,0.00,"21,728.00","7,363,443.00"
1387,1387,2014-08-06,350.00,355.00,341.00,345.00,0.00,"33,002.00","11,457,213.00"
1388,1388,2014-08-05,343.00,359.00,345.00,350.00,0.00,"35,458.00","12,387,420.00"
1389,1389,2014-08-04,347.00,352.00,335.00,343.00,0.00,"28,220.00","9,683,114.00"
1390,1390,2014-08-03,355.00,357.00,347.00,347.00,0.00,"29,268.00","10,281,101.00"
1391,1391,2014-07-31,345.00,366.00,348.00,355.00,0.00,"82,761.00","29,389,360.00"
1392,1392,2014-07-30,354.00,361.00,345.00,345.00,0.00,"93,685.00","33,037,798.00"
1393,1393,2014-07-28,348.00,354.00,345.00,354.00,0.00,"46,114.00","16,097,015.00"
1394,1394,2014-07-27,345.00,355.00,340.00,348.00,0.00,"36,168.00","12,626,997.00"
1395,1395,2014-07-24,346.00,352.00,334.00,345.00,0.00,"53,323.00","18,515,496.00"
1396,1396,2014-07-23,343.00,350.00,338.00,346.00,0.00,"46,733.00","16,167,141.00"
1397,1397,2014-07-22,350.00,351.00,336.00,343.00,0.00,"33,900.00","11,576,020.00"
1398,1398,2014-07-21,348.00,360.00,345.00,350.00,0.00,"80,266.00","28,093,320.00"
1399,1399,2014-07-20,340.00,358.00,340.00,348.00,0.00,"59,696.00","20,644,808.00"
1400,1400,2014-07-17,330.00,341.00,330.00,340.00,0.00,"75,245.00","25,265,392.00"
1401,1401,2014-07-16,336.00,338.00,330.00,330.00,0.00,"36,637.00","12,188,470.00"
1402,1402,2014-07-15,333.00,336.00,325.00,336.00,0.00,"29,694.00","9,760,928.00"
1403,1403,2014-07-14,337.00,340.00,330.00,333.00,0.00,"41,716.00","13,948,640.00"
1404,1404,2014-07-13,332.00,357.00,330.00,337.00,0.00,"95,264.00","32,189,428.00"
1405,1405,2014-07-10,330.00,332.00,320.00,332.00,0.00,"57,807.00","18,831,008.00"
1406,1406,2014-07-09,328.00,331.00,324.00,330.00,0.00,"23,206.00","7,588,269.00"
1407,1407,2014-07-08,327.00,333.00,324.00,328.00,0.00,"66,103.00","21,706,346.00"
1408,1408,2014-07-07,317.00,336.00,311.00,327.00,0.00,"91,341.00","29,673,836.00"
1409,1409,2014-07-06,295.00,320.00,289.00,317.00,0.00,"147,273.00","45,435,612.00"
1410,1410,2014-07-03,294.00,299.00,293.00,295.00,0.00,"28,962.00","8,564,934.00"
1411,1411,2014-07-02,288.00,300.00,290.00,294.00,0.00,"45,076.00","13,244,718.00"
1412,1412,2014-07-01,294.00,296.00,285.00,288.00,0.00,"48,332.00","13,996,642.00"
1413,1413,2014-06-30,293.00,294.00,287.00,294.00,0.00,"25,879.00","7,498,983.00"
1414,1414,2014-06-29,296.00,299.00,290.00,293.00,0.00,"27,797.00","8,172,545.00"
1415,1415,2014-06-26,293.00,296.00,281.00,296.00,0.00,"42,729.00","12,353,874.00"
1416,1416,2014-06-25,293.00,298.00,290.00,293.00,0.00,"25,562.00","7,482,859.00"
1417,1417,2014-06-24,287.00,299.00,281.00,293.00,0.00,"29,726.00","8,667,299.00"
1418,1418,2014-06-23,294.00,294.00,280.00,287.00,0.00,"28,089.00","7,987,667.00"
1419,1419,2014-06-19,294.00,295.00,286.00,294.00,0.00,"42,586.00","12,326,901.00"
1420,1420,2014-06-18,300.00,302.00,294.00,294.00,0.00,"22,259.00","6,648,498.00"
1421,1421,2014-06-17,301.00,305.00,286.00,300.00,0.00,"77,812.00","23,237,320.00"
1422,1422,2014-06-17,301.00,305.00,286.00,300.00,0.00,"77,812.00","23,237,320.00"
1423,1423,2014-06-16,294.00,310.00,290.00,301.00,0.00,"98,527.00","29,856,462.00"
1424,1424,2014-06-15,278.00,300.00,278.00,294.00,0.00,"87,241.00","25,274,384.00"
1425,1425,2014-06-12,274.00,280.00,269.00,278.00,0.00,"68,372.00","18,813,030.00"
1426,1426,2014-06-11,266.00,278.00,256.00,274.00,0.00,"158,633.00","42,722,888.00"
1427,1427,2014-06-10,268.00,271.00,263.00,266.00,0.00,"62,475.00","16,661,059.00"
1428,1428,2014-06-09,270.00,275.00,265.00,268.00,0.00,"21,502.00","5,772,759.00"
1429,1429,2014-06-08,271.00,275.00,270.00,270.00,0.00,"36,400.00","9,868,058.00"
1430,1430,2014-06-05,274.00,275.00,269.00,271.00,0.00,"30,049.00","8,143,189.00"
1431,1431,2014-06-04,272.00,277.00,273.00,274.00,0.00,"48,357.00","13,264,816.00"
1432,1432,2014-06-03,266.00,280.00,267.00,272.00,0.00,"69,059.00","18,796,700.00"
1433,1433,2014-06-02,265.00,270.00,263.00,266.00,0.00,"65,881.00","17,511,244.00"
1434,1434,2014-06-01,261.00,268.00,261.00,265.00,0.00,"51,159.00","13,513,604.00"
1435,1435,2014-05-28,264.00,266.00,261.00,261.00,0.00,"42,140.00","11,086,209.00"
1436,1436,2014-05-27,262.00,266.00,258.00,264.00,0.00,"64,221.00","16,767,985.00"
1437,1437,2014-05-26,259.00,266.00,256.00,262.00,0.00,"75,281.00","19,630,056.00"
1438,1438,2014-05-25,251.00,260.00,250.00,259.00,0.00,"93,322.00","23,629,532.00"
1439,1439,2014-05-22,250.00,255.00,249.00,251.00,0.00,"41,531.00","10,460,793.00"
1440,1440,2014-05-21,249.00,252.00,245.00,250.00,0.00,"64,346.00","15,907,282.00"
1441,1441,2014-05-20,252.00,250.00,244.00,249.00,0.00,"68,529.00","16,917,108.00"
1442,1442,2014-05-19,250.00,252.00,246.00,252.00,0.00,"71,693.00","17,841,126.00"
1443,1443,2014-05-18,257.00,260.00,247.00,250.00,0.00,"64,603.00","16,270,495.00"
1444,1444,2014-05-15,251.00,266.00,245.00,257.00,0.00,"249,461.00","63,496,936.00"
1445,1445,2014-05-15,251.00,266.00,245.00,257.00,0.00,"249,461.00","63,496,936.00"
1446,1446,2014-05-13,229.00,251.00,233.00,251.00,0.00,"100,464.00","25,211,312.00"
1447,1447,2014-05-12,209.00,229.00,213.00,229.00,0.00,260.00,"57,900.00"
1448,1448,2014-05-11,190.00,209.00,193.00,209.00,0.00,60.00,"12,050.00"
1449,1449,2014-05-08,181.00,190.00,184.00,190.00,0.00,188.00,"35,108.00"
1450,1450,2014-05-07,166.00,181.00,169.00,181.00,0.00,67.00,"11,734.00"
1451,1451,2014-05-06,151.00,166.00,154.00,166.00,0.00,50.00,"8,000.00"
1452,1452,2014-05-05,138.00,151.00,140.00,151.00,0.00,130.00,"19,170.00"
1453,1453,2013-10-07,136.00,139.00,134.00,138.00,0.00,"9,010.00","1,241,687.00"
1454,1454,2013-10-06,135.00,138.00,135.00,136.00,0.00,"5,684.00","773,166.00"
1455,1455,2013-10-03,139.00,138.00,133.00,135.00,0.00,"13,983.00","1,897,233.00"
1456,1456,2013-10-02,139.00,139.00,137.00,139.00,0.00,"7,286.00","1,002,072.00"
1457,1457,2013-10-01,138.00,139.00,138.00,139.00,0.00,"5,472.00","756,476.00"
1458,1458,2013-09-30,138.00,140.00,135.00,138.00,0.00,"16,925.00","2,306,934.00"
1459,1459,2013-09-29,139.00,140.00,138.00,138.00,0.00,"5,138.00","710,626.00"
1460,1460,2013-09-26,140.00,140.00,138.00,139.00,0.00,"2,043.00","284,304.00"
1461,1461,2013-09-25,140.00,141.00,138.00,140.00,0.00,"3,917.00","545,795.00"
1462,1462,2013-09-24,138.00,141.00,138.00,140.00,0.00,"5,060.00","706,845.00"
1463,1463,2013-09-23,139.00,140.00,138.00,138.00,0.00,"9,544.00","1,320,395.00"
1464,1464,2013-09-22,141.00,141.00,138.00,139.00,0.00,"21,006.00","2,938,736.00"
1465,1465,2013-09-19,141.00,141.00,140.00,141.00,0.00,"32,911.00","4,615,140.00"
1466,1466,2013-09-17,142.00,144.00,141.00,141.00,0.00,"5,347.00","759,142.00"
1467,1467,2013-09-16,141.00,143.00,138.00,142.00,0.00,"10,970.00","1,531,687.00"
1468,1468,2013-09-15,140.00,143.00,138.00,141.00,0.00,"21,258.00","2,957,689.00"
1469,1469,2013-09-12,138.00,140.00,138.00,140.00,0.00,"21,859.00","3,034,498.00"
1470,1470,2013-09-11,141.00,141.00,136.00,138.00,0.00,"16,619.00","2,294,629.00"
1471,1471,2013-09-10,141.00,141.00,139.00,141.00,0.00,"6,625.00","925,033.00"
1472,1472,2013-09-09,140.00,142.00,140.00,141.00,0.00,"16,359.00","2,293,346.00"
1473,1473,2013-09-08,140.00,142.00,140.00,140.00,0.00,"5,657.00","792,768.00"
1474,1474,2013-09-05,140.00,143.00,140.00,140.00,0.00,"12,432.00","1,749,378.00"
1475,1475,2013-09-04,141.00,142.00,140.00,140.00,0.00,"20,114.00","2,825,341.00"
1476,1476,2013-09-03,142.00,143.00,140.00,141.00,0.00,"14,933.00","2,109,021.00"
1477,1477,2013-09-02,143.00,144.00,142.00,142.00,0.00,"11,982.00","1,706,032.00"
1478,1478,2013-09-01,143.00,144.00,142.00,143.00,0.00,"8,439.00","1,207,642.00"
1479,1479,2013-08-29,146.00,145.00,142.00,143.00,0.00,"12,315.00","1,770,737.00"
1480,1480,2013-08-27,144.00,146.00,144.00,146.00,0.00,"18,457.00","2,668,614.00"
1481,1481,2013-08-26,145.00,146.00,143.00,144.00,0.00,"6,124.00","883,869.00"
1482,1482,2013-08-25,146.00,147.00,145.00,145.00,0.00,"19,948.00","2,903,247.00"
1483,1483,2013-08-20,144.00,148.00,143.00,146.00,0.00,"11,614.00","1,695,306.00"
1484,1484,2013-08-19,144.00,147.00,144.00,144.00,0.00,"15,496.00","2,242,951.00"
1485,1485,2013-08-18,144.00,146.00,143.00,144.00,0.00,"9,424.00","1,365,838.00"
1486,1486,2013-08-15,144.00,145.00,144.00,144.00,0.00,"3,492.00","506,205.00"
1487,1487,2013-08-14,142.00,146.00,142.00,144.00,0.00,"14,135.00","2,025,268.00"
1488,1488,2013-08-13,140.00,144.00,140.00,142.00,0.00,"12,695.00","1,811,521.00"
1489,1489,2013-08-12,147.00,146.00,140.00,140.00,0.00,"5,847.00","841,801.00"
1490,1490,2013-08-11,148.00,150.00,145.00,147.00,0.00,"8,583.00","1,270,404.00"
1491,1491,2013-08-08,143.00,148.00,141.00,148.00,0.00,"18,922.00","2,709,760.00"
1492,1492,2013-08-07,144.00,146.00,143.00,143.00,0.00,"9,288.00","1,336,380.00"
1493,1493,2013-08-06,144.00,147.00,141.00,144.00,0.00,"17,615.00","2,528,923.00"
1494,1494,2013-08-05,146.00,147.00,144.00,144.00,0.00,"8,364.00","1,209,135.00"
1495,1495,2013-08-04,146.00,148.00,144.00,146.00,0.00,"12,972.00","1,885,046.00"
1496,1496,2013-08-01,147.00,148.00,145.00,146.00,0.00,"10,142.00","1,485,684.00"
1497,1497,2013-07-31,147.00,148.00,146.00,147.00,0.00,"12,269.00","1,799,983.00"
1498,1498,2013-07-30,146.00,148.00,144.00,147.00,0.00,"12,040.00","1,751,780.00"
1499,1499,2013-07-29,147.00,148.00,144.00,146.00,0.00,"8,532.00","1,243,619.00"
1500,1500,2013-07-28,147.00,147.00,145.00,147.00,0.00,"8,012.00","1,166,369.00"
